30118615
30116805
30117050
30114365
30112234
30111804
30110470
30107821
30109219
30107014
30104817
30103414
30102676
30102442
30100625
30099527
30099710
30098397
30096708
30096225
30095076
30095104
30094268
30094069
30094310
30093453
30092668
30092118
30090270
30089047
30088226
30088736
30086693
30086489
30085758
30085757
30084939
30083527
30080824
30079724
30077698
30077387
30076921
30076476
30074545
30074502
30072933
30072432
30071918
30071352
30070972
30070715
30069511
30069364
30067290
30068014
30067599
30066399
30065141
30063666
30063064
30062723
30062967
30062442
30062517
30061965
30061958
30061489
30061270
30061205
30061080
30060924
30060689
30060642
30060553
30060044
30060022
30060012
30060009
30059870
30059698
30059582
30059465
30059070
30059126
30058648
30058413
30058271
30058100
30058140
30057929
30057805
30057819
30057132
30056944
30056868
30056622
30056352
30056106
30056089
30056040
30055920
30055936
30055796
30055792
30055786
30055784
30055714
30055123
30054928
30054634
30054590
30054472
30054404
30054082
30054148
30053624
30053316
30053040
30052553
30052513
30052365
30052346
30052339
30052174
30052159
30051816
30051610
30050615
30050724
30050609
30050963
30050737
30050682
30050618
30050617
30050627
30049884
30050104
30049948
30049525
30049262
30049473
30049492
30048801
30047976
30046852
30046280
30045560
30045374
30045420
30044866
30044480
30043914
30043825
30043517
30042294
30041800
30040868
30039528
30039498
30034437
30035877
30035744
30035016
30034682
30034465
30034156
30034155
30033925
30030883
30032348
30032790
30031042
30031041
30031260
30031030
30029441
30027964
30028169
30027801
30025438
30027319
30027426
30026387
30027155
30026762
30026751
30026550
30026493
30026342
30025960
30025930
30025865
30025369
30025368
30025236
30025165
30025175
30025016
30024882
30024847
30024727
30024680
30024176
30024001
30023913
30023800
30023799
30023748
30023420
30023781
30023590
30023105
30023351
30023187
30023009
30023006
30023005
30022989
30022947
30022951
30022999
30022993
30022950
30022948
30022945
30022954
30022882
30022901
30022870
30022796
30022809
30022805
30022803
30022799
30022794
30022801
30022795
30022789
30022773
30022731
30022769
30022751
30022726
30022709
30022715
30022717
30022692
30022690
30022689
30022658
30022606
30022586
30022576
30022566
30022562
30022288
30022286
30022154
30022095
30022072
30022059
30022042
30022041
30022040
30022028
30022032
30022002
30021978
30021825
30021731
30021729
30021711
30021676
30021643
30021568
30021564
30021551
30021484
30021552
30021509
30021502
30021389
30021377
30021373
30021351
30021339
30021331
30021272
30021241
30021270
30021268
30021269
30021252
30021258
30021231
30021225
30021204
30021207
30021200
30021183
30021127
30021152
30021160
30021153
30021164
30021142
30021126
30021134
30021130
30021129
30021113
30021128
30021100
30021104
30021107
30021062
30021078
30021066
30021063
30021057
30021048
30021047
30021031
30021035
30021032
