30065682
30063505
30056613
30056253
30055845
30055839
30055438
30055505
30055282
30054647
30054978
30054904
30054684
30054274
30054214
30053977
30053825
30053829
30053363
30053391
30053077
30053103
30053118
30052963
30052542
30052371
30052388
30051724
30051747
30051208
30051287
30050240
30050157
30050624
30049882
30050527
30050164
30049413
30050211
30049154
30049957
30049910
30049815
30049411
30049302
30049721
30049675
30049565
30049314
30049390
30049356
30049300
30047749
30047740
30048592
30048474
30046430
30048228
30046429
30048153
30046428
30047443
30047372
30046585
30047165
30046580
30046649
30046650
30046813
30046726
30046283
30046493
30044025
30046162
30045963
30045884
30045543
30045653
30045549
30041809
30043954
30045291
30045069
30045046
30044395
30044913
30044394
30044552
30044491
30044005
30044256
30035523
30043925
30044046
30041691
30043782
30042928
30043542
30043553
30043321
30042811
30043216
30043038
30043062
30042990
30043014
30042769
30042614
30042394
30039533
30042100
30041808
30041729
30042132
30041925
30041922
30041807
30041785
30040893
30041560
30039530
30034439
30041516
30041414
30038592
30040978
30040876
30040877
30040886
30040885
30039312
30033182
30039560
30039571
30039559
30038603
30039420
30039311
30039054
30038915
30038880
30038848
30038858
30038610
30036586
30034797
30036268
30036284
30036270
30034792
30036045
30036114
30035578
30034794
30036225
30036123
30033652
30036033
30036017
30034783
30036016
30033650
30033921
30035957
30034790
30035340
30034787
30035840
30035779
30035799
30035223
30035759
30033371
30035695
30035548
30035229
30035480
30033916
30035183
30033649
30035196
30035149
30035148
30035090
30035034
30035063
30034950
30034947
30034948
30034831
30033176
30034746
30033896
30034680
30034616
30034690
30032260
30034665
30032433
30034664
30034609
30034623
30034497
30034566
30033428
30032434
30034565
30034526
30033135
30034496
30034512
30034453
30033426
30034350
30034297
30033425
30034123
30034020
30034055
30033976
30032407
30033794
30033615
30033702
30033767
30033612
30033134
30033572
30033435
30031853
30033354
30033116
30033351
30033271
30032860
30033300
30033169
30032273
30033233
30033133
30033224
30033124
30033113
30033126
30030453
30032001
30029669
30031908
30031715
30032816
30031852
30032857
30030914
30032745
30032670
30032558
30032382
30031176
30032559
30030887
30032076
30032451
30032243
30028780
30031700
30031868
30032200
30032000
30029840
30032244
30029762
30030915
30031869
30031997
30032090
30032091
30030946
30028072
30030983
30032040
30032010
30031867
30031793
30031831
30029881
30031832
30030942
30031827
30031667
30031824
30030943
30031732
30031670
30031606
30031600
30031603
30028376
30029591
30031572
30027073
30030974
30028071
30031083
30031398
30031428
30030563
30031341
30030095
30030975
30031323
30031325
30030884
30031278
30028369
30031256
30031299
30030715
30031208
30030873
30030825
30030973
30030912
30031112
30029161
30028644
30028781
30030822
30030820
30030982
30030645
30030860
30030849
30030094
30030909
30030905
30030835
30029974
30030839
30030631
30030622
30030589
30030577
30029856
30030421
30030081
30030544
30030545
30027241
30029855
30029854
30027239
30030377
30030375
30028361
30030305
30030198
30030310
30030161
30030163
30030093
30030162
30030230
30030190
30030130
30028615
30027305
30030065
30028981
30029955
30028980
30029921
30029982
30029962
30029899
30027664
30029523
30029872
30029947
30028048
30029869
30029734
30029737
30028741
30029732
30029684
30029733
30028298
30025641
30029683
30029651
30029619
30028358
30029618
30029583
30028300
30028975
30029463
30029290
30028384
30028776
30028620
30029387
30029366
30029316
30029236
30029159
30029233
30029304
30028490
30029210
30029280
30027735
30029155
30029158
30029156
30029065
30027663
30027256
30027255
30029063
30029062
30028907
30029009
30028020
30028853
30028883
30027986
30027985
30028442
30028612
30027965
30028019
30028590
30028580
30028492
30028445
30028266
30027688
30028449
30028453
30028334
30028365
30028331
30028332
30028265
30026388
30028333
30028275
30027461
30028238
30028181
30027412
30027926
30028079
30024803
30027790
30027851
30027844
30027696
30027695
30027002
30027752
30027749
30027739
30027748
30025947
30027640
30027306
30027302
30027522
30027518
30027495
30026657
30027478
30026758
30027340
30027374
30027178
30027199
30027163
30026655
30027150
30027021
30026878
30026940
30025789
30026678
30026642
30025636
30026393
30023833
30026156
30026606
30026405
30025957
30026331
30026290
30026153
30026236
30025699
30025990
30025841
30025859
30025221
30025780
30025730
30025720
30025660
30025575
30025594
30025610
30025541
30025319
30025251
30025318
30025305
30025243
30024071
30025047
30024524
30025002
30024801
30024716
30023840
30024711
30023839
30024864
30024830
30024837
30024823
30024832
30024813
30024766
30023409
30023742
30024710
30024732
30024665
30023872
30023862
30024373
30024653
30024591
30024590
30024431
30023915
30024419
30024424
30024361
30024403
30024372
30024365
30024344
30024314
30024309
30024300
30024237
30023907
30024205
30024161
30024162
30023851
30023914
30023944
30024019
30023807
30023404
30020544
30023881
30023780
30023773
30023743
30023694
30018464
30023621
30018463
30019360
30018462
30023296
30023227
30019359
30023203
30023224
30022363
30021882
30016965
30019507
30019386
30019384
30019282
30019047
30019123
30019181
30019152
30019004
30017512
30017924
30018965
30018703
30018661
30018546
30018291
30018213
30017921
30018065
30018083
30018051
30017931
30017951
30017934
30017723
30017869
30017758
30017868
30017673
30017564
30017474
30017438
30017325
30017110
30016820
30016950
30017041
30017175
30017136
30017040
30017009
30016976
30016968
30016282
30016730
30016693
30016604
30016392
30016160
30016446
30016402
30016250
30016105
30016308
30016222
30016141
30016140
30016144
30016104
30015983
30015926
30015845
30015830
30015625
30015673
30015671
30015490
30014389
30014930
30013914
30013916
30013910
30014708
30014390
30014344
30014342
30014197
30014093
30014426
30014424
30014254
30014234
30014418
30014119
30013964
30013915
30014242
30014192
30013592
30013686
30013526
30013570
30013562
30013368
30013339
30011227
30011228
30013141
30013084
30011231
30011232
30012568
30012924
30012124
30012061
30012062
30011234
30012533
30011235
30012558
30012333
30012127
30011480
30011236
30011233
30011211
30011562
30011450
30011185
30011215
30010907
30010969
30011099
30010995
30011084
30011082
30011080
30011068
30010449
30010580
30010890
30010701
30010843
30010849
30010189
30010727
30010356
30010459
30010579
30009575
30010326
30010274
30009580
30009665
30010125
30009944
30009956
30009829
30009817
30009787
30009253
30009688
30008198
30009351
30008752
30009280
30008471
30009270
30009141
30009073
30009140
30009090
30009012
30009011
30008894
30008535
30008534
30008895
30008831
30008817
30007901
30008772
30008197
30008668
30008640
30008567
30008629
30008335
30008199
30008334
30007902
30008402
30008403
30008190
30008191
30008127
30008021
30008087
30007917
30007522
30007602
30007601
30007534
30007438
30007405
30007354
30007250
30007150
30007143
30007121
30007122
30007045
30007074
30007027
30007035
30007024
30007023
30006970
30006948
30006900
30006836
30006792
30006751
30006776
30006791
30006735
30006702
30006698
30006715
30006700
30006673
30006665
30006651
30006614
30006545
30006526
30006525
30006521
30006527
30006496
30006475
30006482
30006477
30006476
30006427
30006363
30006332
30006314
30006310
30006302
30006295
30006264
30006278
30006263
30006224
30006220
30006198
30006201
30006197
30006180
30006176
30006173
30006155
30006164
30006158
30006147
30006130
30006096
30006095
30006094
30006090
30006036
30005964
30005952
30005968
30005950
30005936
30005913
30005897
30005914
30005860
30005862
30005755
30005823
30005816
30005785
30005783
30005737
30005735
30005707
30005706
30005695
30005648
30005565
30005537
30005540
30005538
30005515
30005532
30005518
30005505
30005534
30005458
30005421
30005332
30005192
30005200
30005227
30005074
30005006
30005004
30004936
30004924
30004440
30004853
30004652
30004498
30004401
30004234
30004179
30003895
30003583
30003531
30003361
30003397
30003396
30003362
30003277
30003184
30003182
30003241
