30065962
30064062
30063369
30061188
30060640
30060302
30059931
30059862
30059750
30059269
30059092
30056417
30058535
30058452
30057919
30057836
30057536
30057602
30057573
30057526
30057453
30057458
30057184
30057060
30057185
30057160
30057038
30056281
30056408
30056066
30056104
30056065
30056012
30056024
30056015
30056014
30055750
30055572
30055871
30055573
30055827
30055749
30055742
30055494
30055604
30055226
30055225
30055510
30055223
30055171
30054442
30054984
30054977
30054938
30054906
30054441
30054828
30054782
30054754
30054758
30054611
30054703
30054609
30054604
30053074
30053086
30054440
30054499
30054369
30053072
30054219
30053071
30053076
30053787
30053890
30053573
30053091
30053814
30053081
30053637
30053057
30053775
30053105
30053572
30052623
30053104
30053293
30053078
30053511
30053054
30052943
30053383
30053341
30053328
30053096
30053251
30053095
30052944
30052945
30053178
30053065
30053149
30053099
30053090
30053087
30052926
30052968
30052925
30052917
30052882
30052880
30052273
30052673
30052785
30052614
30052700
30052721
30052720
30052733
30052732
30052736
30052267
30052641
30052617
30052600
30052589
30052568
30052570
30052552
30052567
30052478
30052526
30052522
30052527
30052457
30052449
30052447
30052379
30052378
30052380
30052347
30049420
30052302
30052225
30052150
30052179
30051156
30052072
30052071
30052065
30051945
30051884
30051896
30051778
30050556
30050159
30051773
30051758
30050492
30051683
30051562
30051565
30051586
30050551
30051499
30050732
30051472
30051563
30051477
30050491
30049310
30051383
30050881
30051115
30051308
30049947
30051228
30051299
30049417
30051305
30050490
30050728
30051154
30051292
30051289
30051204
30051227
30051200
30051081
30051160
30051170
30050925
30051080
30051066
30050650
30051143
30051141
30051093
30051017
30051018
30051005
30050831
30050972
30050805
30050866
30050952
30050253
30050489
30050950
30049945
30050237
30050867
30050947
30049151
30050745
30050906
30050830
30050909
30050847
30050315
30050819
30050797
30050778
30050768
30050648
30050811
30050331
30050710
30050762
30050706
30050686
30050705
30049416
30050697
30050647
30050632
30048954
30050635
30047982
30048951
30050312
30050596
30050568
30050597
30048850
30050311
30050506
30050420
30049940
30050474
30050437
30050415
30050435
30050488
30050309
30049414
30050432
30049426
30050389
30050425
30050409
30050373
30049150
30050361
30050359
30049304
30049423
30050356
30050297
30050340
30050299
30050345
30050358
30050289
30050326
30046335
30050197
30050179
30050190
30050229
30050198
30049412
30050199
30050224
30050226
30048847
30050089
30050082
30049943
30050090
30050045
30050098
30049303
30049467
30049141
30049937
30049493
30048846
30049866
30049777
30049868
30049791
30049786
30049785
30049769
30049629
30047601
30049301
30049733
30049724
30048925
30049140
30049603
30049672
30049680
30049711
30048845
30049360
30049644
30049571
30049599
30049700
30048703
30049625
30049606
30049588
30049598
30048667
30048722
30048688
30049551
30049516
30048769
30047335
30049527
30049511
30049345
30048924
30049451
30049350
30049462
30049452
30049447
30049437
30049250
30049436
30049434
30049406
30049016
30049427
30049355
30049380
30049432
30049377
30048762
30047337
30049362
30049253
30047334
30049341
30049340
30048854
30047332
30048853
30048712
30049229
30049245
30049243
30049238
30049237
30048004
30049209
30048719
30049203
30049184
30049185
30049181
30048728
30048946
30047333
30047339
30049167
30049127
30049040
30048759
30048761
30049125
30048893
30048945
30049112
30048666
30049022
30049018
30048922
30048907
30048949
30047331
30048723
30047338
30048415
30047653
30047901
30048451
30048002
30048466
30048816
30048836
30044708
30046587
30048780
30048774
30045691
30048603
30048739
30048740
30048351
30047336
30047330
30048570
30048512
30047329
30048528
30048505
30048458
30047999
30048473
30048391
30048490
30046858
30048301
30045034
30046610
30048401
30048396
30048398
30048389
30048390
30047206
30048360
30047484
30048368
30047723
30048240
30048294
30040928
30048253
30047945
30048221
30048252
30048231
30048237
30048232
30048212
30048210
30048207
30048227
30048229
30048211
30048191
30048168
30048186
30048134
30046460
30048172
30048169
30047231
30048127
30048129
30047997
30048107
30047962
30048073
30048084
30048088
30048071
30048029
30048079
30048027
30048081
30048001
30048026
30048018
30048032
30048031
30047764
30046605
30047908
30042241
30047478
30047912
30046624
30047862
30047880
30047803
30047621
30047761
30047141
30047642
30047211
30047583
30047622
30047628
30047625
30047626
30047624
30047595
30047506
30047599
30047594
30047528
30047593
30047570
30047525
30047364
30047505
30047600
30044567
30047487
30047509
30036200
30047488
30047451
30047458
30047504
30047435
30047462
30047210
30045033
30047438
30047365
30047414
30047413
30047328
30047408
30047362
30047375
30047373
30047363
30047369
30047374
30047242
30047404
30047201
30047313
30047070
30047317
30047326
30047293
30047282
30047304
30047295
30046700
30047283
30046949
30047278
30047274
30047241
30047214
30047175
30047077
30047078
30047112
30047067
30046991
30046438
30047075
30047049
30046952
30046810
30047134
30047140
30047113
30046960
30046988
30047010
30044765
30046961
30047014
30046951
30046936
30046984
30046947
30046926
30046916
30046879
30046899
30046931
30046618
30046945
30046621
30046921
30046920
30046944
30046849
30046882
30046812
30046791
30046797
30046841
30046918
30046753
30046793
30046782
30046765
30046767
30046771
30046754
30046437
30046633
30046752
30046647
30046665
30046644
30046602
30046571
30046573
30046645
30046226
30044026
30046520
30046533
30046362
30046515
30046530
30046491
30046514
30046499
30046446
30046434
30046390
30046369
30046341
30045968
30046332
30046330
30046311
30046260
30046391
30046032
30046284
30046314
30046313
30046334
30046145
30046228
30040934
30045805
30046144
30043958
30046166
30046172
30035530
30046188
30046107
30046110
30045592
30044705
30038593
30046012
30045965
30045964
30045804
30045566
30045429
30045001
30045948
30041572
30045905
30045956
30045694
30045825
30045695
30044716
30041813
30045823
30045797
30045494
30044616
30045719
30045763
30045772
30045681
30045744
30044917
30045714
30045739
30045703
30045698
30043931
30045565
30045706
30041605
30045454
30045597
30045504
30045243
30045524
30045582
30045540
30045533
30045532
30045444
30045529
30045502
30044586
30045498
30045449
30045445
30044080
30042904
30045393
30045419
30045395
30044641
30043930
30045328
30045288
30045216
30045136
30043929
30045320
30045189
30045220
30043928
30043415
30045047
30045124
30044868
30045005
30045044
30044690
30044989
30042366
30044640
30044998
30044982
30044939
30044983
30044934
30042841
30044902
30044688
30044776
30044858
30044835
30044347
30042903
30044775
30044737
30043926
30044673
30044674
30041739
30041555
30044671
30044664
30042585
30044608
30044578
30044591
30044596
30044577
30043927
30044426
30044587
30044550
30044496
30044557
30041694
30043950
30044580
30044494
30044490
30044538
30044482
30044402
30043138
30043414
30041736
30044091
30044390
30042932
30044339
30044169
30043889
30044251
30044254
30044244
30043682
30043677
30044166
30044150
30044147
30041573
30044075
30043749
30044124
30044052
30042995
30043823
30043739
30044076
30044069
30041374
30043936
30044073
30044077
30043937
30043822
30044045
30043538
30043967
30043913
30043968
30043951
30042991
30043911
30043289
30043821
30043699
30043781
30043790
30043754
30042899
30043745
30043715
30043714
30039087
30043738
30043619
30042994
30043630
30043734
30043691
30043590
30034456
30043634
30043644
30043633
30043628
30041550
30043532
30042992
30043549
30042214
30043513
30043554
30043489
30040927
30041735
30042993
30042221
30043419
30042584
30043389
30043399
30043143
30043425
30043422
30042582
30043411
30043370
30043105
30043387
30041733
30042578
30043293
30041734
30043263
30043079
30035803
30040926
30042222
30043262
30043239
30043075
30043260
30042962
30043217
30042986
30043235
30043168
30042588
30041812
30043145
30043056
30040930
30043063
30043031
30043027
30043033
30042840
30042983
30043024
30042838
30039535
30042953
30042960
30042957
30042880
30040896
30042956
30042355
30042610
30042867
30042763
30042229
30042892
30042729
30042728
30042740
30042695
30042577
30042736
30042766
30042722
30042719
30042692
30042733
30041554
30041552
30042187
30042681
30042538
30042629
30042626
30040897
30042317
30042531
30042562
30042507
30041654
30042600
30042536
30042537
30042504
30042305
30040865
30042509
30042303
30042393
30042225
30042296
30041404
30042493
30042361
30040929
30040705
30042356
30041652
30042285
30042254
30041553
30042186
30041551
30042223
30042173
30042113
30042084
30042127
30042054
30042074
30042086
30042067
30042058
30041520
30041887
30042045
30042030
30040933
30041895
30041930
30041899
30041897
30041612
30041888
30041883
30041902
30041877
30040932
30040918
30041886
30040924
30041832
30041839
30041745
30040916
30040700
30041779
30041781
30041805
30033144
30041806
30041749
30040706
30041675
30041707
30041678
30034998
30041645
30041706
30041624
30039313
30041651
30041334
30041671
30041627
30041648
30041610
30041461
30041542
30041525
30040702
30041481
30033189
30041476
30040912
30041486
30041484
30041489
30041372
30041397
30040895
30041409
30041460
30041428
30040689
30041482
30041376
30040703
30041316
30041342
30041340
30041410
30041350
30041387
30041341
30041215
30040701
30041318
30041333
30041336
30041386
30041313
30041294
30041331
30041308
30041290
30041273
30041272
30041264
30041212
30041262
30038666
30040985
30041044
30041198
30041221
30041242
30041214
30041084
30041043
30041087
30041080
30041051
30041046
30040931
30039553
30040989
30041052
30040890
30040986
30040973
30038605
30040944
30040975
30039552
30040901
30040963
30036568
30040945
30040949
30040910
30040909
30040908
30040911
30039561
30040875
30040863
30040825
30040824
30040855
30040809
30040839
30040860
30040489
30040803
30039148
30039303
30039531
30040471
30035209
30039572
30035923
30039589
30039585
30039504
30039514
30034455
30040511
30039300
30039568
30039055
30039570
30038875
30039548
30039374
30034808
30035286
30039521
30039554
30039502
30039519
30033143
30039515
30039372
30039370
30039505
30039499
30039131
30039350
30039482
30039427
30039426
30039351
30039456
30039346
30039421
30039349
30039096
30039347
30039380
30035212
30039304
30039408
30039401
30036440
30039384
30039404
30039344
30039149
30039331
30039378
30039343
30039147
30039317
30039133
30039325
30039321
30033186
30039307
30039308
30039310
30039306
30034606
30035211
30035201
30039122
30039098
30039058
30038909
30039086
30039083
30038981
30037838
30038970
30038954
30038956
30038955
30038944
30038942
30038943
30038902
30036300
30038889
30036121
30038906
30038847
30038930
30038845
30037898
30038882
30038623
30038859
30038855
30038807
30038840
30038828
30038841
30038825
30038827
30035208
30038823
30038815
30037895
30036286
30038808
30038791
30038818
30038797
30038796
30038793
30038760
30036119
30038685
30038691
30038664
30038668
30037899
30034798
30038176
30038628
30038170
30038560
30038564
30034788
30036285
30036297
30036435
30038187
30036434
30034793
30038563
30036273
30036271
30038186
30036433
30038184
30036569
30036432
30036431
30036426
30036320
30036348
30036429
30036437
30036116
30036421
30036347
30036018
30035921
30036342
30036325
30036227
30034786
30036329
30036258
30036303
30036298
30036299
30036294
30036296
30036257
30034784
30036256
30036252
30036288
30036180
30036250
30036210
30036231
30033909
30035428
30036238
30036239
30036223
30036224
30036166
30036236
30036165
30036171
30035213
30036178
30036158
30036163
30036203
30036168
30036041
30036162
30036155
30036154
30036153
30036150
30036156
30036102
30036110
30035961
30036097
30036055
30036132
30036131
30035569
30036084
30036081
30035956
30035787
30035627
30035972
30036050
30036049
30036054
30036043
30036030
30036038
30036012
30035819
30035344
30035583
30035998
30035225
30035987
30035986
30035977
30035991
30035973
30035824
30035915
30035964
30035927
30035343
30033394
30035821
30035568
30035582
30035231
30035857
30034782
30033915
30031886
30035893
30035868
30035866
30035850
30035853
30035833
30035852
30035798
30035187
30035808
30035810
30035786
30035809
30035807
30033398
30035772
30035562
30031720
30035780
30034905
30035549
30033907
30033140
30033917
30035742
30035748
30035655
30035743
30035685
30034519
30035694
30035230
30035740
30035622
30034621
30035722
30035612
30035620
30034641
30035628
30035546
30035576
30029676
30035579
30035545
30035573
30035586
30035500
30033434
30033897
30034491
30035482
30035048
30035513
30035512
30035481
30035341
30035441
30035476
30035474
30035447
30034640
30035431
30034483
30033690
30035440
30034646
30035285
30034518
30035399
30035398
30035395
30035379
30034620
30035311
30035232
30035284
30035297
30035296
30035289
30035290
30035319
30034362
30033742
30032408
30035165
30035167
30035166
30035161
30035169
30035192
30034080
30033813
30034612
30035138
30034501
30033432
30034605
30035147
30035050
30035140
30034611
30035123
30035110
30035116
30034904
30035124
30035118
30034610
30035040
30034639
30035098
30035097
30035082
30035111
30035041
30034570
30035064
30034638
30034482
30035051
30034296
30035042
30035080
30035035
30035032
30033373
30035019
30034572
30035000
30034523
30034571
30035014
30034980
30035001
30034997
30034995
30034521
30034569
30034982
30034975
30034604
30034978
30034522
30034954
30034921
30034568
30034603
30034940
30033283
30034932
30033741
30034498
30034779
30034778
30033859
30029675
30034758
30027289
30034567
30034756
30034729
30034711
30033282
30034722
30032417
30033430
30034481
30033678
30034687
30034695
30034688
30034678
30031718
30034624
30034637
30027287
30034631
30030141
30031229
30034192
30033429
30034053
30034580
30034553
30034476
30034538
30034575
30034488
30034560
30034546
30033139
30034361
30034513
30034516
30034057
30034477
30034478
30034480
30034474
30034335
30034464
30034451
30034068
30031090
30034430
30034445
30034244
30027285
30032887
30033853
30033138
30033812
30034360
30033677
30034371
30034187
30029888
30034330
30034282
30030897
30033890
30034040
30034210
30034252
30033617
30034239
30034191
30033704
30034193
30034182
30033726
30034172
30034184
30034160
30028788
30034177
30027283
30034144
30034081
30032916
30034043
30033724
30034065
30034032
30034063
30030918
30029674
30034009
30033706
30034007
30034005
30033992
30032588
30033723
30033966
30033970
30033967
30033960
30033956
30033968
30030456
30033958
30033722
30033552
30033964
30033761
30033861
30033121
30033943
30027281
30033703
30033817
30033701
30030919
30032569
30033880
30033592
30033866
30033849
30033819
30033151
30033829
30030315
30033826
30030134
30028161
30033676
30032587
30033821
30033783
30033780
30033815
30031334
30033721
30033738
30033192
30030901
30029357
30033775
30033773
30033771
30031716
30033744
30033278
30033755
30030455
30033737
30033734
30032471
30033732
30031910
30033616
30030916
30028786
30033708
30033691
30033665
30028065
30028063
30033659
30033578
30033673
30033661
30033662
30028362
30028037
30033670
30032597
30033611
30033600
30033409
30033277
30033352
30033576
30032391
30033549
30033350
30028784
30032074
30033117
30033320
30033324
30032596
30032914
30033421
30033128
30033285
30033329
30033260
30033247
30033342
30032751
30033326
30032869
30033275
30033316
30033234
30033315
30032470
30033246
30030127
30032350
30033269
30033236
30033267
30031909
30032920
30033213
30030921
30033194
30032536
30033199
30033152
30032100
30033036
30032333
30033145
30033132
30033167
30033125
30030898
30029763
30033033
30033024
30033053
30032561
30032386
30033023
30032985
30033022
30032987
30033021
30032983
30033010
30032868
30030126
30032953
30032362
30032960
30032950
30032941
30030920
30032890
30032885
30032892
30032871
30032811
30032865
30032810
30028983
30032744
30032453
30032853
30032747
30032854
30032384
30030125
30032332
30032728
30032752
30032863
30029461
30032791
30032726
30032692
30032730
30032669
30032657
30032639
30032548
30032594
30032512
30032583
30032580
30032557
30032565
30032525
30032524
30032539
30032489
30032288
30032498
30032467
30032438
30032379
30032452
30032198
30032370
30028984
30032334
30032358
30032355
30032340
30032339
30032283
30032314
30032255
30032301
30032252
30032240
30032089
30032199
30032196
30031817
30032172
30032166
30032190
30032163
30027277
30032164
30032149
30032160
30032106
30032081
30031907
30032148
30030947
30028978
30032092
30032080
30032039
30032085
30032104
30030359
30030011
30032033
30031849
30032044
30032015
30032030
30032028
30032035
30029594
30032027
30031676
30032025
30030099
30030143
30028546
30031988
30031974
30031576
30031977
30031978
30029752
30031948
30031951
30030124
30031953
30031952
30030358
30030360
30031973
30031946
30031945
30031943
30030123
30031929
30031815
30031863
30031639
30031830
30031663
30031661
30031921
30031931
30030804
30030122
30030602
30031905
30031574
30031846
30031901
30031900
30031805
30031847
30031126
30031848
30027728
30031675
30031542
30031823
30031804
30031840
30031834
30031573
30031748
30031754
30028073
30031734
30031660
30031724
30030564
30031795
30031703
30031685
30031686
30031501
30031221
30031721
30031620
30031396
30031683
30031625
30031626
30031358
30031062
30031602
30031604
30031624
30029592
30031580
30031590
30031593
30031560
30031566
30031499
30031539
30031076
30031495
30030121
30031493
30028545
30031301
30031483
30028763
30031467
30031439
30031468
30031070
30027726
30029055
30031434
30031408
30031074
30031435
30031422
30031421
30031420
30031402
30031357
30031395
30027077
30030082
30027724
30030731
30031351
30031279
30031329
30027720
30030845
30031287
30031320
30029171
30031285
30031298
30031300
30030546
30031282
30028151
30030313
30031326
30031212
30028029
30030651
30031264
30031272
30031061
30031059
30030829
30031069
30031189
30031188
30030649
30031206
30030591
30031241
30029966
30031204
30030672
30030673
30028061
30031233
30031186
30031187
30031227
30030798
30029053
30028762
30029751
30030658
30030659
30031181
30031150
30031131
30031119
30030683
30031094
30031072
30030648
30031143
30027417
30028628
30031106
30030022
30027472
30030657
30030665
30031023
30030744
30029823
30030007
30030931
30028486
30028487
30030964
30030965
30030953
30030646
30030557
30031003
30030847
30030935
30030984
30030794
30030663
30030664
30030736
30030875
30029214
30030885
30030526
30028303
30030865
30030877
30030841
30030311
30030818
30029237
30030831
30030791
30030817
30030519
30030814
30030771
30030021
30030682
30030521
30030522
30030321
30029598
30028485
30027772
30030537
30030660
30027995
30028027
30030592
30030427
30030523
30030581
30030429
30028301
30030556
30030549
30029822
30029821
30030551
30030524
30030322
30030197
30028761
30030435
30030436
30030434
30029602
30030428
30030426
30030329
30030418
30030020
30030330
30030369
30027689
30027969
30030019
30030337
30030307
30030320
30030308
30029820
30030236
30030195
30030196
30028386
30030115
30028160
30026112
30030018
30029941
30030070
30030069
30030010
30029499
30030001
30028845
30029738
30029920
30029874
30029969
30029617
30029963
30029984
30029944
30029933
30028026
30029898
30029863
30029914
30028385
30029858
30028548
30029894
30027776
30029859
30029561
30029444
30029833
30029830
30029860
30029245
30029834
30029810
30029244
30029759
30029760
30029657
30026391
30029702
30029680
30029691
30029632
30029410
30029653
30029654
30029655
30029545
30029581
30028738
30029335
30029337
30029630
30028025
30027992
30029540
30028879
30029497
30029510
30028877
30029006
30029457
30029496
30029213
30029468
30029472
30029329
30029013
30028842
30028878
30029464
30029327
30029293
30028840
30026461
30029340
30029109
30027470
30029105
30029291
30029107
30029384
30029374
30027988
30027987
30029361
30029317
30023645
30029294
30027467
30029296
30029281
30029182
30029247
30029181
30029154
30027738
30029118
30027896
30029042
30029028
30027681
30029014
30029015
30029016
30029070
30029044
30028247
30029038
30029037
30029034
30029023
30026398
30028914
30028836
30029002
30028982
30028994
30028542
30028993
30027982
30028827
30028833
30028493
30028733
30028581
30028823
30025627
30028704
30028708
30028701
30028705
30028700
30028621
30028415
30028246
30028591
30028478
30027895
30027746
30028578
30024870
30028549
30024038
30028544
30028541
30027920
30027872
30027736
30028472
30028452
30027675
30027787
30028131
30028429
30028310
30028307
30028316
30028309
30027620
30028232
30024030
30026410
30025630
30028014
30028230
30027679
30028190
30027680
30028183
30027618
30028171
30026630
30028130
30026115
30027830
30027610
30028085
30028010
30028121
30028076
30028030
30028003
30027352
30028075
30028080
30028082
30027482
30027587
30027005
30028017
30027753
30028077
30027979
30027997
30026662
30027998
30027868
30027873
30027910
30027498
30027172
30027907
30027560
30027506
30027362
30027360
30027786
30027888
30027201
30027887
30026877
30027840
30027858
30027677
30027863
30027678
30026864
30027794
30027835
30027802
30027404
30027403
30027769
30027496
30027586
30027768
30027670
30025632
30027754
30026656
30027497
30027175
30027174
30027168
30027767
30027760
30027314
30027684
30027626
30027583
30027540
30027614
30027510
30027520
30027509
30027508
30027519
30027462
30027197
30027491
30027022
30027422
30027381
30027392
30027166
30027221
30025958
30027252
30027216
30026243
30027315
30027190
30027188
30026862
30025083
30027133
30025279
30027052
30027015
30026997
30026283
30026892
30026241
30026922
30025631
30026891
30026897
30026282
30026826
30026453
30026765
30026761
30026618
30024076
30026700
30025244
30026653
30026670
30026641
30026650
30026571
30026626
30026567
30026620
30026622
30026591
30026340
30026551
30023986
30026619
30026578
30025443
30026100
30026561
30026501
30026355
30025457
30026426
30026275
30026377
30023385
30026272
30026338
30026347
30026375
30026401
30026374
30026371
30026356
30026346
30026351
30026003
30023869
30025323
30026279
30026203
30026307
30026198
30026195
30026196
30026368
30026178
30026160
30026174
30026152
30024074
30025708
30026126
30026120
30026036
30026102
30026055
30026056
30025781
30026027
30026054
30024526
30026051
30025707
30026026
30026025
30026024
30024975
30023382
30025916
30024073
30025919
30023422
30025903
30025868
30025638
30025786
30025862
30025784
30025247
30025855
30025646
30025782
30025595
30025778
30025731
30025722
30025695
30025697
30025711
30025571
30025691
30023381
30023417
30025432
30025136
30025383
30025384
30025246
30025130
30025427
30025435
30025467
30025487
30025341
30025447
30025431
30025423
30025410
30024418
30025425
30025430
30024375
30025424
30025404
30023866
30024712
30023877
30025392
30025367
30025349
30024976
30025352
30025370
30025345
30023419
30025340
30025212
30025211
30025210
30025293
30025290
30025285
30025307
30024980
30025252
30025248
30025239
30025202
30025192
30025206
30025194
30024756
30025135
30025177
30024836
30025189
30025188
30025048
30025144
30025160
30025150
30025148
30025147
30025141
30025145
30024374
30023990
30025131
30025113
30025096
30025091
30023857
30024835
30025049
30025079
30025051
30025042
30025023
30025044
30020545
30025040
30025026
30023515
30024652
30024961
30024917
30024890
30024914
30024858
30024759
30024861
30020540
30024812
30024669
30024657
30024725
30024747
30024750
30024340
30024745
30024703
30024649
30024333
30024332
30023988
30023853
30024618
30024548
30023856
30018961
30024560
30023867
30024488
30024528
30018910
30024529
30023494
30024537
30024277
30023875
30024495
30024485
30024482
30024410
30024369
30024414
30024456
30024413
30024412
30024425
30019121
30024405
30024404
30024370
30024366
30024355
30024195
30023873
30024343
30024328
30023819
30023987
30024198
30023388
30024204
30024066
30024209
30024117
30023493
30024083
30024062
30024110
30024063
30023855
30019889
30023972
30024040
30023978
30019120
30024014
30024016
30023965
30024011
30024010
30023968
30023979
30023942
30023916
30023806
30023918
30023745
30023700
30023702
30023701
30023697
30023698
30023496
30023566
30023564
30023503
30023501
30023502
30023549
30023499
30023495
30023498
30023400
30023403
30023424
30023354
30023390
30023282
30023311
30019888
30023280
30023232
30017515
30023360
30023267
30019863
30023180
30023111
30023107
30023115
30021887
30019796
30018898
30022362
30021424
30019887
30021886
30019815
30018962
30017514
30019810
30020548
30019792
30019795
30017889
30019798
30019554
30019475
30019523
30019556
30019785
30019552
30019505
30019498
30019409
30019506
30019354
30019344
30019413
30019223
30019288
30019280
30019286
30019228
30019232
30019221
30019229
30019180
30019151
30019142
30017713
30019026
30019001
30019020
30019009
30018453
30018853
30018969
30018964
30018866
30018891
30018963
30018540
30018841
30018823
30017987
30018845
30018454
30018814
30017787
30018763
30018767
30018704
30018603
30018582
30018597
30018702
30018567
30018581
30018548
30018563
30018446
30018429
30018428
30018422
30018443
30017918
30018236
30018237
30018230
30017786
30018212
30018109
30018172
30018063
30017982
30018054
30017875
30017940
30018003
30018048
30017984
30018047
30017783
30018069
30017967
30017988
30017860
30017858
30017954
30017953
30017952
30017909
30017884
30016620
30017880
30017872
30017843
30017810
30017848
30017845
30017799
30017781
30017782
30017711
30017774
30017760
30017730
30017655
30017754
30017716
30017715
30017757
30017717
30016607
30017433
30017591
30017603
30017565
30017563
30017517
30017551
30017549
30017546
30017552
30017542
30017548
30017602
30017547
30017545
30017541
30017540
30017485
30017464
30017491
30017322
30017460
30017398
30017463
30017462
30017461
30017459
30017397
30017362
30017386
30017251
30017358
30017430
30017254
30017255
30017361
30017340
30017341
30017392
30017342
30017326
30017334
30017291
30017320
30017381
30017260
30017259
30017258
30017261
30017240
30017239
30017186
30017187
30015639
30017185
30017183
30017184
30017181
30017172
30017163
30017177
30017134
30017162
30016691
30017122
30017129
30017133
30017150
30017065
30016712
30017126
30017125
30017123
30017083
30015637
30015824
30017037
30017035
30017036
30017021
30017043
30015635
30016991
30016970
30017001
30016978
30016713
30016973
30016881
30016915
30016889
30015640
30016914
30016711
30016884
30016887
30016940
30016882
30016871
30016870
30016858
30015627
30016587
30016585
30016835
30016859
30016857
30016710
30016586
30016673
30016781
30015630
30016584
30016782
30016674
30016667
30016626
30016672
30016568
30016565
30016625
30016581
30016596
30016580
30016589
30016559
30016549
30016526
30016481
30016499
30016146
30015592
30016500
30016462
30016524
30016521
30016498
30016131
30016440
30016129
30016471
30016130
30016432
30016407
30016126
30016406
30016404
30016393
30016315
30016352
30016314
30016355
30016340
30016309
30016312
30016374
30016056
30016055
30016241
30016242
30016239
30016232
30015629
30016227
30015968
30016221
30016205
30016210
30015732
30016225
30016200
30016142
30016175
30016184
30016134
30015956
30016102
30016106
30016135
30016108
30016103
30016096
30016099
30016094
30016076
30016067
30016066
30016054
30016037
30016069
30016068
30015631
30016009
30016038
30015915
30016051
30016004
30016028
30016059
30016021
30015731
30015966
30015981
30015980
30015622
30015969
30015967
30015468
30015942
30015940
30015944
30015941
30015934
30015867
30015916
30015913
30015903
30015933
30015932
30015914
30015909
30015907
30015860
30015906
30015856
30015859
30015858
30015730
30015763
30015852
30015861
30015784
30015618
30015819
30015787
30015739
30015758
30015718
30015728
30015723
30015734
30015690
30015704
30015717
30015653
30015642
30015670
30015609
30015703
30015611
30015603
30014635
30015549
30015605
30015604
30015590
30015589
30015602
30015574
30015466
30015573
30015516
30015431
30015515
30015482
30015484
30015540
30015483
30015451
30015121
30015454
30015427
30015392
30015397
30015391
30015370
30015408
30015061
30015347
30015378
30015340
30015060
30015323
30014634
30015300
30015306
30015263
30015264
30015316
30015315
30015183
30015080
30015045
30015162
30015161
30014982
30015083
30015105
30014995
30014967
30014795
30014975
30014931
30014835
30014917
30014963
30014875
30014842
30014865
30014926
30014927
30013533
30014798
30014793
30014783
30014747
30014644
30014757
30014645
30014555
30014630
30014569
30014565
30014436
30013272
30014464
30014458
30014421
30014232
30014315
30014186
30014179
30013994
30013946
30013974
30013945
30013907
30013874
30013872
30013551
30013790
30013847
30013801
30013722
30013688
30013569
30013081
30013497
30013488
30013302
30013380
30013371
30013372
30013147
30013261
30013048
30013262
30013216
30012880
30013103
30013074
30012922
30012915
30012933
30012978
30012929
30012886
30012927
30012721
30012881
30012035
30012684
30012284
30012627
30012581
30012701
30012060
30012329
30012328
30012092
30012565
30011390
30012184
30012335
30011807
30012207
30012248
30012210
30012170
30011606
30012052
30011605
30012018
30012059
30011973
30011974
30011806
30011884
30011643
30011810
30011230
30011656
30011598
30011553
30011555
30011430
30010571
30011345
30011031
30010435
30008672
30011141
30010752
30010140
30010903
30011000
30010138
30010840
30008670
30010349
30010350
30010576
30008221
30010442
30008206
30010508
30010250
30010280
30010141
30010229
30010237
30010048
30010150
30010040
30010031
30010045
30009704
30009820
30009873
30008219
30009815
30009840
30009763
30008217
30009742
30009608
30008220
30009681
30009495
30009453
30009542
30009254
30009223
30009222
30009441
30008680
30007950
30009233
30009303
30009258
30009226
30009195
30009212
30008840
30009092
30008969
30009030
30008957
30008955
30008842
30008807
30008762
30008485
30007521
30008739
30008669
30008717
30008695
30008404
30008666
30008596
30008595
30008569
30008487
30008484
30008445
30008444
30008411
30008238
30008280
30008173
30008071
30007991
30008063
30007827
30008010
30007872
30007921
30007815
30007695
30007789
30007814
30007802
30007692
30007701
30007689
30007635
30007649
30007634
30007564
30007632
30007633
30007600
30007619
30007592
30007540
30007526
30007531
30007532
30007515
30007525
30007505
30007503
30007490
30007493
30007476
30007491
30007474
30007388
30007475
30007481
30007387
30007418
30007433
30007425
30007424
30007385
30007402
30007380
30007411
30007410
30007373
30007378
30007376
30007254
30007301
30007300
30007253
30007287
30007293
30007219
30007251
30007163
30007152
30007195
30007142
30007134
30007104
30007120
30007117
30007087
30007101
30007044
30007078
30007080
30007037
30007031
30007042
30007064
30006995
30007061
30007002
30006996
30007010
30006997
30006987
30006972
30006964
30006919
30006961
30006981
30006941
30006971
30006949
30006889
30006902
30006885
30006884
30006882
30006883
30006864
30006873
30006875
30006865
30006839
30006870
30006876
30006861
30006857
30006856
30006835
30006803
30006819
30006812
30006834
30006831
30006802
30006800
30006796
30006793
30006746
30006771
30006744
30006703
30006699
30006743
30006707
30006740
30006730
30006697
30006696
30006695
30006677
30006669
30006682
30006671
30006659
30006666
30006663
30006653
30006652
30006575
30006587
30006639
30006566
30006558
30006580
30006588
30006559
30006529
30006464
30006543
30006541
30006531
30006514
30006499
30006507
30006497
30006488
30006491
30006486
30006462
30006473
30006442
30006443
30006460
30006422
30006426
30006386
30006423
30006367
30006424
30006329
30006322
30006327
30006320
30006308
30006303
30006301
30006273
30006282
30006287
30006272
30006286
30006276
30006284
30006270
30006225
30006208
30006234
30006230
30006228
30006207
30006202
30006200
30006194
30006203
30006159
30006174
30006168
30006165
30006171
30006161
30006163
30006145
30006117
30006109
30006100
30006103
30006097
30006059
30006020
30006078
30006054
30006076
30006051
30006053
30006032
30005951
30006031
30005985
30005974
30005984
30005980
30005973
30005975
30005972
30005906
30005960
30005958
30005957
30005956
30005948
30005944
30005907
30005949
30005926
30005922
30005904
30005916
30005903
30005918
30005883
30005888
30005870
30005822
30005803
30005804
30005809
30005808
30005766
30005807
30005798
30005790
30005788
30005782
30005786
30005776
30005734
30005732
30005717
30005630
30005692
30005650
30005616
30005608
30005529
30005543
30005583
30005625
30005615
30005585
30005546
30005547
30005489
30005511
30005453
30005459
30005460
30005408
30005395
30005373
30005375
30005372
30005322
30005315
30005283
30005270
30005256
30005239
30005238
30005204
30005221
30005149
30005129
30005128
30005097
30004992
30004874
30004873
30004984
30004898
30004897
30004987
30004957
30004956
30004953
30004934
30004895
30004859
30004871
30004832
30004831
30004830
30004829
30004650
30004571
30004533
30004450
30004449
30004448
30004471
30004477
30004460
30004315
30004348
30004360
30004288
30004362
30004302
30004341
30004282
30004186
30004277
30004219
30004223
30004228
30004131
30004195
30004267
30004235
30004216
30003952
30003988
30004118
30003948
30004115
30004014
30004090
30004017
30004080
30004033
30004016
30004035
30003949
30003990
30003922
30003776
30003682
30003740
30003681
30003712
30003711
30003710
30003750
30003550
30003427
30003428
30003467
30003393
30003360
30003229
30003021
30002904
30002900
30002794
30002568
30002586
30002506
30002457
30002373
30002345
30002344
30002307
30002064
30002069
30002082
30002056
30002055
30002033
30001913
30001912
30001877
30001790
30001845
30001720
30001723
30001738
30001504
30001502
30001482
30001630
30001625
30001535
30001613
30001436
30001578
30001506
30001462
30001338
