30052538
30052187
30051580
30051548
30051352
30051142
30050586
30050444
30050430
30050248
30049497
30049368
30049146
30049031
30048959
30047700
30048171
30047138
30046976
30046902
30046770
30046183
30044981
30045334
30044486
30043701
30041381
30042333
30042340
30040953
30041103
30041010
30039455
30039060
30038996
30039089
30038959
30038819
30038809
30036260
30035789
30033084
30034742
30035122
30035099
30033978
30033590
30033327
30033377
30033171
30032971
30032674
30032568
30032336
30032402
30032277
30031356
30031484
30031240
30031211
30031040
30030961
30030140
30030342
30030289
30029552
30029170
30028482
30027428
30027110
30027378
30026835
30026718
30026674
30026202
30026645
30026201
30026635
30026150
30025705
30025403
30025724
30025654
30024742
30025402
30025574
30025401
30025400
30025393
30025365
30025310
30024743
30025013
30024884
30024844
30024881
30024647
30024494
30024487
30024338
30023405
30023000
30022777
30022776
30022712
30022706
30022700
30022660
30022648
30022642
30022628
30022610
30022601
30022593
30022346
30022343
30022306
30022290
30022213
30022216
30022051
30022022
30022005
30022001
30021991
30021983
30021984
30021973
30021840
30021843
30021800
30021777
30021765
30021766
30021755
30021744
30021747
30021728
30021726
30021719
30021684
30021664
30021662
30021621
30021607
30021575
30021553
30021508
30021411
30021410
30021401
30021392
30021460
30021336
30021322
30021312
30021318
30021302
30021450
30021273
30021246
30021237
30021235
30021219
30021220
30021201
30021199
30021194
30021192
30021143
30021083
30021084
30021096
30021094
30021058
30021053
30021003
30021002
30020995
30020989
30020965
30020956
30020949
30020948
30020942
30020928
30020893
30020880
30020874
30020870
