30120907
30120167
30120173
30120054
30117155
30118321
30116476
30115500
30114802
30114378
30114007
30113597
30113625
30113343
30112950
30112566
30112181
30112115
30112014
30111643
30111816
30111815
30111814
30110631
30107639
30103957
30103814
30103089
30095396
30086137
30092649
30091944
30091693
30091666
30091238
30088944
30089009
30083369
30084927
30086343
30085760
30085294
30084648
30083988
30083470
30083266
30079619
30079290
30076536
30074842
30073859
30074030
30074029
30074028
30074027
30074026
30073951
30073087
30071583
30073451
30072919
30072434
30071085
30070156
30069360
30065965
30068377
30067898
30067725
30067497
30067459
30066466
30066401
30066122
30065918
30065236
30065235
30064735
30064857
30064791
30062716
30062714
30062712
30062432
30063281
30058584
30062983
30062884
30062876
30062765
30061641
30062495
30061789
30056170
30060982
30060966
30060879
30060613
30060458
30059714
30059256
30058555
30058497
30058354
30057917
30056416
30056674
30056322
30055242
30055574
30055963
30055233
30055803
30055570
30055341
30055102
30054860
30055133
30055103
30054558
30054792
30054699
30054559
30054598
30053113
30053112
30053073
30054473
30053084
30053114
30053097
30053840
30053892
30053805
30053167
30053691
30053722
30053609
30053608
30053224
30053156
30052904
30052667
30052836
30052839
30052791
30052746
30050560
30051961
30052530
30052529
30052571
30052417
30050161
30052194
30052381
30052344
30052343
30052207
30051087
30051862
30051883
30050652
30051567
30051549
30051544
30051485
30051475
30051484
30051470
30051469
30051423
30051390
30051406
30051435
30051403
30051404
30051334
30049309
30051311
30051174
30051176
30051175
30050304
30051145
30051149
30051148
30051094
30051003
30050303
30050935
30050930
30050873
30050777
30050621
30049630
30050505
30050283
30050225
30050183
30050185
30050182
30049983
30049961
30049828
30049850
30047357
30046591
30049576
30049422
30049207
30046588
30049023
30048978
30048935
30048676
30048746
30048587
30048584
30048583
30048582
30048455
30048453
30048412
30048428
30048381
30042257
30048242
30042256
30044030
30048035
30046459
30047975
30047974
30047973
30047917
30047916
30047915
30047914
30047535
30047407
30047406
30047309
30047198
30047308
30047275
30047297
30047298
30047041
30046963
30046628
30046743
30046559
30046558
30046556
30046526
30046457
30046433
30046271
30046063
30046060
30045958
30045955
30045957
30045903
30045916
30041667
30044702
30045595
30045500
30044709
30045535
30045536
30045398
30045265
30045264
30045116
30045040
30045120
30044911
30040831
30044968
30044941
30044940
30044871
30044684
30044518
30044542
30044541
30044443
30044436
30044261
30034458
30044067
30044044
30044035
30043966
30043808
30042583
30043776
30043657
30042579
30043361
30043468
30043349
30041579
30043290
30043090
30043169
30041578
30041577
30043003
30042964
30042917
30033190
30041576
30042693
30042564
30042563
30042561
30042216
30042189
30041746
30041782
30039315
30041920
30042043
30042042
30041679
30041801
30041256
30040704
30041477
30041513
30041541
30041540
30041524
30041485
30041429
30041393
30041086
30041085
30041269
30041196
30041270
30040884
30041194
30040905
30040956
30040808
30039590
30039586
30039562
30039545
30036446
30039326
30039492
30039491
30035270
30034802
30034803
30039353
30039352
30039329
30039126
30038982
30038963
30038952
30038941
30038910
30038905
30038844
30038692
30038745
30036272
30038594
30036581
30036530
30036531
30036449
30036448
30036327
30036259
30036248
30036247
30036246
30033920
30033911
30036170
30036160
30036159
30036157
30036141
30036094
30036095
30036093
30035997
30035992
30035979
30035878
30035875
30035871
30035860
30035831
30035830
30035838
30035829
30034520
30035793
30035794
30035785
30035784
30035749
30031719
30035475
30035631
30035624
30035623
30035400
30035559
30032421
30035472
30035449
30035448
30035439
30035180
30035125
30034709
30035199
30035198
30035081
30035227
30035197
30035195
30035221
30035220
30035156
30035157
30035143
30034547
30035113
30035108
30035023
30034933
30035010
30034956
30034938
30034937
30034484
30032031
30034753
30034752
30033908
30034706
30034683
30032994
30034677
30034668
30034673
30034672
30034069
30034431
30034473
30034256
30034188
30034390
30034475
30034392
30034459
30034449
30028417
30032589
30034372
30034370
30034331
30034185
30034173
30034293
30034281
30028987
30034200
30034186
30034176
30034070
30034067
30032993
30034003
30034004
30033991
30033979
30033990
30030133
30032472
30033123
30033811
30030132
30033748
30033630
30032909
30032400
30032921
30033237
30033441
30033289
30033314
30033341
30033313
30033312
30033311
30033310
30033223
30033232
30033231
30033219
30033222
30033226
30033227
30033225
30033157
30032893
30032891
30033086
30033088
30033085
30033100
30033087
30032888
30033059
30032693
30032970
30032792
30032951
30032907
30032812
30032699
30030131
30032456
30032573
30032497
30032424
30032431
30032395
30030431
30032330
30032321
30032320
30032318
30032319
30032264
30032281
30031210
30032201
30031816
30030083
30031961
30031213
30031932
30031837
30031822
30031809
30031813
30031811
30031810
30031627
30028062
30031073
30031496
30031343
30031392
30031391
30031344
30029462
30029599
30031306
30031307
30031281
30030968
30030689
30031197
30027773
30030980
30030972
30030328
30030840
30030832
30030232
30030686
30030687
30030685
30029386
30029500
30030231
30030272
30030026
30029498
30029892
30029629
30029565
30029550
30029549
30029511
30029321
30029322
30027561
30029325
30029326
30029323
30029324
30029371
30029007
30029031
30028081
30028886
30028940
30027865
30028119
30028588
30027619
30028353
30027173
30027009
30027770
30027361
30027363
30028132
30028102
30027512
30027169
30026181
30027799
30027167
30027627
30027740
30027425
30026998
30027385
30026898
30027012
30025278
30026746
30026745
30026701
30026710
30026711
30026713
30026712
30026513
30026492
