30120314
30120920
30119368
30120437
30120502
30119323
30120257
30119913
30119972
30119935
30119914
30119636
30119912
30119452
30119948
30119869
30119210
30119357
30119332
30119206
30119190
30119178
30119158
30119217
30119196
30119370
30119081
30119080
30119066
30119068
30118846
30117058
30118814
30118680
30119100
30118323
30117191
30118620
30118308
30117162
30118783
30118502
30117944
30117977
30118162
30118140
30118149
30117651
30117945
30117650
30117494
30117603
30116474
30117602
30117359
30117610
30116736
30117291
30117202
30117325
30115865
30117254
30116875
30117243
30117075
30117048
30116858
30116857
30116579
30116479
30116735
30116342
30116780
30116760
30116496
30115402
30116762
30116406
30116212
30116382
30116150
30114836
30116128
30116087
30116001
30115709
30115776
30114893
30115666
30115892
30115752
30115867
30115866
30115756
30115523
30114766
30115768
30112922
30115550
30115492
30115262
30115712
30115788
30115489
30114978
30114954
30114969
30114388
30114803
30114554
30114956
30114550
30114835
30114263
30114505
30114473
30114674
30114543
30113487
30114486
30113382
30114542
30114232
30114285
30114259
30113785
30113997
30112920
30113988
30113892
30113877
30113482
30113503
30113345
30113334
30113391
30113401
30113164
30113181
30113264
30113241
30112930
30113029
30113051
30113048
30113052
30112925
30112927
30112857
30112802
30112681
30112672
30112702
30112583
30112567
30112625
30112569
30112574
30112499
30111443
30112578
30112418
30111105
30112325
30112299
30112293
30112184
30112232
30112189
30111738
30111644
30112025
30111357
30111938
30111978
30112031
30108777
30111831
30109373
30109376
30109230
30109228
30111837
30110931
30111724
30111095
30111607
30111682
30111513
30111526
30111394
30111612
30111618
30111426
30111336
30111527
30110295
30111329
30111335
30111408
30111407
30111406
30111405
30111412
30111106
30110974
30110926
30111328
30111274
30110634
30110823
30109523
30110598
30110559
30109429
30109428
30109464
30109460
30110114
30109229
30109424
30109445
30109576
30109575
30109341
30108038
30108037
30108036
30108035
30109100
30109099
30108902
30108620
30109411
30108593
30109406
30108611
30108612
30108601
30108355
30108558
30108600
30108102
30108372
30108491
30108374
30108352
30107754
30108353
30107961
30103841
30108341
30107642
30107067
30107574
30106752
30106341
30106340
30106339
30106338
30107057
30107425
30107225
30107063
30107267
30107737
30107572
30106385
30106924
30106694
30106588
30106383
30106322
30106540
30106606
30104182
30105833
30105898
30105580
30105829
30105244
30105243
30105242
30105241
30105830
30105832
30105878
30103847
30105762
30103846
30104416
30105409
30105692
30105597
30105015
30105408
30105556
30105502
30105486
30105170
30105130
30105086
30104621
30105053
30105166
30105174
30104729
30105079
30105167
30105165
30105092
30104320
30104319
30104318
30104317
30104703
30105000
30105095
30105043
30104820
30104645
30104718
30104447
30104655
30104418
30104644
30104528
30104626
30104600
30104420
30104423
30103942
30104497
30104524
30104234
30104417
30103813
30104222
30104178
30104233
30103745
30103744
30103933
30103980
30103946
30103782
30103838
30103914
30103268
30103267
30103885
30103927
30101622
30103668
30103816
30103852
30103667
30103666
30103665
30103781
30103611
30095463
30103664
30103574
30103576
30103590
30103394
30103468
30103353
30103464
30103383
30103090
30103311
30102972
30103178
30102998
30103003
30103002
30102819
30103177
30102857
30102713
30103000
30102635
30102919
30103009
30102897
30103025
30090464
30090463
30102275
30102818
30102667
30102688
30102256
30102717
30102653
30101973
30102111
30102649
30102264
30102388
30102280
30102416
30102114
30102069
30101839
30100548
30101948
30100547
30100546
30100545
30101366
30101885
30101628
30101689
30101607
30101338
30101884
30101546
30101445
30101313
30101631
30101279
30101652
30101142
30100600
30101361
30101290
30101501
30101182
30101337
30101287
30101141
30101059
30101090
30100623
30096585
30100626
30100619
30100606
30100192
30100463
30100207
30100441
30100268
30100237
30100338
30100337
30100336
30100211
30099291
30100420
30100403
30100283
30099749
30099750
30100196
30099631
30100272
30099752
30099953
30100274
30100163
30099704
30099817
30100135
30099965
30100244
30099868
30099714
30099617
30099775
30099861
30096650
30099451
30099748
30099581
30099563
30099185
30099778
30099579
30099183
30099523
30099215
30098626
30099213
30099130
30099281
30099140
30099126
30099125
30099138
30099218
30099206
30099112
30098981
30098540
30098819
30099108
30099000
30098762
30098902
30098800
30098557
30098703
30098698
30097979
30095544
30097811
30098870
30098323
30098864
30098900
30098510
30098625
30098662
30098393
30098457
30098413
30098353
30098432
30095797
30098431
30097705
30098153
30098168
30098418
30098185
30098247
30097694
30098350
30098391
30098280
30098118
30098251
30098217
30098332
30098281
30098248
30097977
30097789
30097890
30097734
30097906
30095708
30096593
30095785
30097799
30096518
30097973
30096410
30097859
30096548
30097676
30097822
30097813
30097722
30096466
30095791
30095780
30096589
30095641
30096592
30096496
30096586
30096618
30096504
30096702
30096588
30094928
30096472
30096226
30096704
30095787
30094324
30094337
30094336
30094334
30096701
30094335
30096465
30096500
30095840
30096381
30096467
30096503
30096338
30096337
30096442
30096219
30096424
30095760
30096402
30096415
30095865
30095919
30096428
30093902
30096400
30096399
30096263
30095774
30095771
30095732
30095569
30095707
30096342
30095695
30096336
30095933
30095894
30095862
30095809
30095870
30095860
30090467
30095932
30095381
30095843
30095842
30095841
30095422
30095425
30095602
30095768
30095640
30095657
30095421
30095426
30095543
30095702
30095701
30095700
30095699
30095597
30095561
30093421
30095545
30095680
30095000
30095470
30095617
30095423
30095611
30094958
30095525
30095424
30095487
30094478
30094915
30095429
30095274
30095265
30095032
30095348
30095252
30095347
30095269
30095011
30092553
30094179
30095020
30095239
30095238
30095099
30095255
30095031
30094954
30095036
30094879
30092872
30094666
30095098
30094891
30094876
30094848
30094131
30094577
30094618
30094475
30094359
30094624
30094407
30094491
30094267
30094483
30094623
30094622
30094353
30093618
30094609
30094218
30094611
30094128
30094248
30094231
30094255
30094251
30094250
30094220
30094097
30093891
30093218
30094102
30093983
30093999
30093860
30093967
30093914
30093331
30093917
30094093
30094096
30094082
30093888
30094050
30093850
30093918
30094083
30093803
30093962
30093934
30093814
30093755
30093777
30092787
30093927
30093648
30093878
30094037
30093998
30093820
30093873
30093841
30093582
30093813
30093217
30093584
30093230
30093580
30093570
30093566
30093515
30093232
30092572
30090953
30093324
30093326
30093327
30093325
30093315
30093527
30093216
30093111
30093137
30092548
30093565
30093229
30093178
30091925
30093343
30092878
30093093
30093155
30092313
30092645
30092354
30092616
30092776
30092642
30092190
30092624
30092849
30092468
30091707
30092582
30091792
30092312
30092320
30092566
30092105
30091672
30092655
30091973
30091705
30092621
30092149
30091807
30092273
30083370
30092349
30092321
30091690
30092274
30092160
30091826
30091997
30091600
30092033
30092302
30091806
30091810
30091941
30091940
30091939
30091609
30091597
30086973
30091322
30091595
30091311
30091667
30091518
30091166
30091596
30090438
30091524
30091162
30090712
30090680
30091023
30091021
30091056
30091055
30091076
30090608
30090895
30091167
30090607
30090894
30090834
30090457
30090760
30090882
30090949
30090896
30090691
30090869
30090913
30090606
30090374
30090537
30089214
30090508
30090243
30090434
30090498
30090473
30090460
30090459
30090371
30090373
30090211
30090165
30090164
30090173
30090166
30090150
30088568
30090151
30089567
30090123
30089646
30090016
30090022
30090020
30089751
30089747
30089433
30089381
30089393
30089564
30089762
30089761
30089434
30089306
30087964
30089496
30089056
30089057
30088848
30089123
30089227
30089126
30088677
30088387
30088557
30088941
30088995
30089076
30088354
30088851
30088561
30088724
30088730
30088530
30088500
30088682
30088678
30088837
30088693
30088560
30088556
30088486
30088518
30088474
30088473
30088513
30088508
30088388
30088324
30088472
30088391
30085985
30088452
30088446
30088445
30088504
30088008
30088205
30087903
30087725
30088050
30088033
30087933
30088003
30088032
30087801
30087910
30087891
30088020
30087795
30087809
30087855
30087853
30087644
30087734
30087696
30087695
30087595
30087536
30087573
30087533
30087153
30087014
30086804
30087015
30086999
30083368
30086897
30086635
30086994
30084190
30086971
30086842
30086250
30086477
30086743
30086633
30086698
30086764
30086476
30086694
30086253
30086223
30086434
30086169
30086294
30083367
30086041
30085830
30085792
30085723
30085284
30085863
30085335
30084839
30085055
30085397
30085063
30083257
30085306
30085293
30085302
30085210
30085183
30085209
30085145
30085151
30085150
30085216
30084802
30083697
30084838
30084868
30084805
30084798
30084548
30084632
30084403
30084271
30083338
30084612
30084535
30084428
30083768
30084554
30083465
30084531
30084180
30083759
30083847
30084100
30083862
30083917
30083739
30083911
30083764
30083766
30083765
30083762
30083761
30083698
30083329
30083670
30069080
30069078
30083318
30079486
30079789
30083415
30083323
30083093
30083373
30083108
30082421
30082341
30082237
30082378
30081256
30082516
30080984
30082505
30082398
30082013
30082515
30081618
30082115
30081968
30081564
30081096
30081780
30079467
30080777
30080869
30081339
30080868
30079791
30080839
30080823
30079880
30079819
30079846
30079854
30079818
30079727
30079281
30079446
30079188
30079291
30078508
30079615
30078965
30079176
30066211
30079036
30079143
30078926
30079031
30079030
30078924
30079028
30078921
30078468
30078609
30078638
30078612
30078607
30078767
30078540
30078588
30078522
30078202
30078203
30078178
30078432
30078067
30078164
30078185
30078088
30069074
30077687
30077608
30072514
30077688
30077774
30077739
30076899
30077695
30077697
30075977
30077625
30077696
30076274
30077661
30077549
30077357
30077166
30077234
30077622
30077308
30077098
30077073
30076987
30076999
30077074
30077071
30076909
30071200
30075751
30076985
30076890
30076411
30076935
30076470
30076469
30076620
30076504
30076484
30072512
30076560
30071195
30076035
30076026
30075857
30075949
30075945
30076384
30075998
30075829
30075664
30072066
30071198
30075842
30075671
30075722
30075270
30071798
30075673
30075545
30075510
30075466
30074600
30075228
30071199
30075192
30075162
30074969
30074861
30074853
30072565
30074844
30072511
30072507
30074966
30074963
30074672
30075073
30074950
30074592
30074860
30074677
30074629
30074604
30074693
30073462
30074340
30074325
30074522
30074211
30074181
30073787
30073950
30074033
30073949
30071584
30073458
30073900
30074109
30073108
30073730
30073843
30073774
30073543
30073734
30073416
30073427
30073301
30073821
30073467
30068700
30072621
30073468
30073409
30073408
30070421
30073220
30073051
30073025
30073056
30073049
30072297
30072290
30073328
30073082
30072698
30072969
30073130
30073137
30073131
30071993
30072934
30073163
30073002
30072704
30072923
30072759
30071193
30071190
30072953
30072951
30072580
30072212
30072649
30072311
30072658
30072662
30072699
30072644
30071582
30072298
30072167
30072451
30072640
30072716
30072650
30072639
30072599
30072604
30072683
30072435
30072624
30072468
30072534
30072473
30072384
30072462
30072449
30072543
30072455
30072380
30072381
30072315
30072314
30071580
30072015
30071187
30072317
30072378
30072348
30072368
30072367
30071746
30072426
30072373
30071236
30072163
30069787
30072014
30071776
30070976
30071992
30072008
30071988
30071872
30071795
30071107
30071178
30071796
30071835
30071808
30071668
30071574
30071569
30071395
30070727
30071458
30071660
30071585
30071412
30071528
30071088
30070725
30070724
30070720
30070660
30070674
30071276
30071247
30069361
30071566
30069804
30071184
30070712
30070711
30071082
30071091
30071087
30070975
30071089
30071154
30071052
30070926
30070439
30071044
30070714
30070946
30071051
30070988
30070640
30070887
30070928
30070358
30070718
30070728
30070647
30070171
30070613
30070539
30070355
30070936
30070440
30070666
30070590
30069903
30070429
30069914
30070422
30070082
30070258
30070189
30069982
30070274
30070333
30070132
30070107
30069953
30069929
30070146
30070007
30070030
30070012
30069610
30069625
30070015
30070006
30069967
30069998
30070008
30069738
30068327
30069540
30069222
30069874
30069612
30069655
30069859
30069831
30069830
30069758
30069764
30069524
30069751
30069733
30067403
30069252
30068471
30069379
30069223
30069650
30069572
30069456
30069365
30069247
30068821
30069539
30069229
30067596
30068838
30068412
30069048
30069047
30069015
30068982
30069040
30068935
30069201
30068896
30068553
30068528
30067856
30067595
30068599
30068529
30068450
30068376
30068511
30068551
30068494
30068475
30068378
30068353
30068373
30067726
30067226
30068370
30068310
30065593
30068183
30068230
30068206
30068356
30068090
30067922
30068034
30068040
30067594
30067930
30068030
30067743
30068015
30068038
30067965
30067940
30068103
30068106
30068105
30068008
30067952
30067761
30067951
30067767
30067739
30067792
30067224
30067845
30067747
30064977
30067758
30067628
30067675
30066882
30066547
30065963
30067586
30067584
30067507
30067593
30067504
30067591
30067487
30067461
30067592
30067457
30067211
30066808
30066817
30066838
30067291
30067273
30066922
30067338
30066839
30064974
30066548
30066633
30067207
30067094
30066962
30067114
30066653
30066968
30065066
30066990
30067051
30067096
30066697
30066681
30066558
30066806
30066894
30063844
30066819
30066699
30066696
30066695
30066852
30066596
30066598
30066698
30066589
30064982
30066469
30066204
30066397
30066391
30066449
30066196
30066368
30066282
30066270
30065528
30066106
30066400
30066160
30065950
30066134
30066141
30066133
30066075
30065862
30066174
30066070
30066067
30066014
30066009
30065956
30065885
30065930
30065874
30065900
30065909
30065939
30065921
30065486
30065715
30065817
30065867
30065743
30065736
30065733
30065730
30065752
30065695
30065875
30065702
30065069
30065701
30065002
30065619
30065552
30065529
30065580
30065515
30065490
30065526
30065443
30065484
30065422
30065462
30065368
30065333
30063672
30063676
30063675
30063674
30063673
30065364
30065446
30065410
30065314
30065262
30065431
30065330
30065260
30065233
30065239
30065293
30065232
30065204
30065195
30065199
30065096
30064774
30064998
30065154
30065152
30065119
30065144
30065166
30065165
30065160
30065007
30065005
30065126
30064962
30065000
30064849
30065001
30064967
30064886
30064987
30064867
30064919
30064874
30064770
30064739
30064860
30064865
30064781
30064832
30064786
30064790
30064844
30064811
30064772
30064737
30064738
30064686
30064775
30064624
30064560
30063373
30064687
30064531
30064553
30064558
30064570
30064483
30064653
30064544
30064597
30064471
30064569
30064568
30064554
30064328
30064453
30064313
30064523
30064522
30064519
30064518
30064368
30064514
30064420
30064422
30064299
30064464
30064481
30064415
30064434
30063282
30063378
30064403
30064395
30064394
30064366
30064337
30064175
30064329
30064301
30064319
30064318
30064294
30064342
30064277
30064278
30064249
30064264
30064107
30064074
30064106
30064108
30064170
30064063
30064012
30063682
30063647
30064060
30064052
30063861
30062927
30063805
30063858
30064024
30064023
30064020
30063457
30063894
30063887
30063929
30063804
30063899
30063868
30063881
30063822
30063723
30063786
30063886
30063771
30063722
30063720
30063583
30063512
30063503
30063442
30063525
30063537
30063546
30063471
30063445
30063539
30063516
30059175
30063641
30063724
30063511
30063504
30058585
30063721
30063518
30063517
30063475
30063407
30063110
30063470
30063142
30063418
30063408
30063416
30063268
30063283
30063389
30062928
30061345
30063377
30063351
30063343
30063352
30063264
30063316
30063297
30062594
30062682
30063252
30063144
30063232
30063201
30063231
30063222
30063089
30062877
30063140
30057391
30063066
30063078
30063025
30061104
30063101
30063024
30063046
30062681
30062593
30063035
30062822
30062932
30063029
30062924
30063014
30063021
30062964
30063004
30062911
30062912
30062591
30062963
30062390
30062979
30062915
30062683
30062430
30062921
30062896
30062844
30062592
30062754
30062758
30062806
30062425
30062763
30062389
30062767
30062677
30062811
30059195
30062427
30062701
30062429
30062702
30062620
30062624
30062625
30062318
30062611
30062676
30062559
30062621
30062564
30062597
30062586
30062537
30062685
30062538
30062482
30062511
30061100
30062436
30062526
30062547
30062411
30062523
30062503
30062317
30062498
30062483
30062497
30062384
30062409
30062408
30062437
30062418
30062280
30062407
30062287
30061778
30061973
30061986
30061900
30062313
30062111
30061101
30061637
30061863
30061949
30061947
30061879
30061902
30061839
30061899
30061826
30061881
30061861
30061878
30061877
30061848
30061829
30061534
30061833
30061818
30061812
30061799
30061798
30061814
30061748
30061533
30061526
30061753
30057387
30061555
30061408
30061547
30060759
30061524
30061407
30061266
30060883
30061275
30061280
30061272
30061203
30061112
30060943
30061119
30061151
30059771
30061141
30061142
30061139
30061132
30061131
30061124
30061118
30061093
30061143
30061106
30060807
30061038
30061026
30060981
30060963
30060809
30060921
30060911
30060910
30060866
30060941
30060891
30060893
30060934
30060803
30060801
30060758
30060880
30060805
30060804
30060532
30060518
30060771
30060830
30059569
30060660
30060228
30060651
30060643
30060639
30060653
30060655
30060609
30060616
30060581
30060476
30060538
30060641
30059196
30060554
30060525
30060556
30060521
30060422
30060319
30060515
30060451
30060462
30060312
30060507
30060448
30060287
30060421
30060466
30058628
30060414
30060279
30060278
30060277
30060276
30060320
30060418
30060273
30058622
30060389
30060305
30060274
30060272
30059853
30060310
30059986
30060243
30060235
30060251
30060210
30060206
30060163
30060113
30060079
30060076
30060123
30060086
30060087
30060070
30060131
30058968
30059826
30059812
30059568
30059731
30060015
30059993
30059958
30059951
30059313
30059926
30059925
30059868
30059890
30059817
30059730
30059891
30059866
30059861
30059907
30059830
30059566
30059779
30058926
30059565
30058967
30059735
30059732
30059728
30059767
30059729
30059699
30059633
30059620
30059674
30059335
30059621
30059555
30059713
30059630
30059551
30059564
30058333
30059355
30059596
30059563
30059500
30059400
30059421
30059402
30059485
30059484
30059233
30059412
30059507
30058965
30059376
30059375
30059374
30059373
30059397
30059401
30059372
30059311
30059356
30059371
30059232
30059379
30059287
30059277
30059301
30059282
30059281
30059286
30059339
30059337
30059188
30056389
30059260
30059278
30059246
30059187
30059235
30059224
30059186
30059257
30059025
30058966
30059136
30059140
30058889
30059115
30059107
30059114
30059071
30059119
30059110
30059108
30059058
30058990
30058970
30058995
30058878
30058983
30058994
30058907
30058972
30058851
30058888
30058865
30058472
30058856
30058855
30058903
30058828
30058639
30058849
30058832
30058812
30058626
30058666
30058677
30058704
30058595
30058634
30058612
30058553
30058552
30058435
30058657
30058656
30058655
30058559
30058334
30058631
30058602
30058590
30057651
30058566
30057386
30058536
30058547
30058546
30058533
30057673
30058516
30058526
30057385
30058527
30058353
30058523
30058495
30058475
30058229
30058511
30057683
30058477
30057924
30058469
30058415
30058449
30058416
30058423
30058370
30058414
30058401
30058335
30057672
30058332
30058344
30058352
30058242
30058351
30058338
30058343
30058340
30058337
30058339
30058287
30058253
30058272
30058255
30058261
30058247
30057670
30058232
30058183
30058181
30058203
30058116
30058147
30058118
30058109
30058062
30057282
30058091
30058107
30058082
30058010
30058055
30057680
30058056
30058054
30058053
30058052
30058042
30057925
30058066
30058068
30058032
30057969
30057991
30058035
30058034
30057945
30057283
30057272
30057804
30057894
30057923
30057879
30057669
30057880
30057922
30057679
30057895
30057889
30057888
30057887
30057886
30057885
30057875
30057874
30057872
30057921
30057876
30057920
30057878
30057871
30057815
30057808
30057835
30057801
30057789
30057786
30056788
30057746
30057637
30057783
30057792
30057770
30057773
30057790
30057771
30057735
30057606
30057725
30057713
30057693
30057660
30057720
30057534
30057692
30057647
30057636
30057635
30057652
30057592
30057630
30057490
30057277
30057575
30057576
30057574
30057466
30057554
30057533
30057524
30057514
30057537
30057518
30057454
30057505
30057377
30057343
30057379
30057378
30057374
30057372
30057332
30057331
30057275
30057278
30057236
30057252
30057249
30057095
30057102
30057201
30057242
30057217
30057191
30057183
30057175
30057140
30057157
30057004
30057146
30057059
30057147
30057150
30057118
30056967
30056948
30057086
30057116
30057066
30056945
30057056
30057077
30056716
30057078
30056947
30057055
30057057
30057022
30057000
30057002
30057001
30056971
30056637
30056946
30056923
30056918
30056772
30056924
30056803
30056911
30056938
30056377
30056925
30056871
30056864
30056892
30056893
30056804
30056756
30056886
30056866
30056297
30056833
30056780
30056852
30056828
30056781
30056799
30056777
30056774
30056782
30056776
30056770
30056638
30056768
30056736
30056746
30056773
30056707
30056296
30056376
30056752
30055536
30056702
30056692
30056691
30056673
30056541
30056708
30056687
30056670
30056690
30056672
30056660
30056664
30056283
30056374
30056607
30056612
30056592
30056571
30056605
30056448
30056413
30056569
30056555
30056508
30056108
30056419
30056553
30056423
30056474
30056373
30056280
30056457
30056444
30056425
30056442
30056438
30056447
30056424
30056443
30056422
30056350
30056439
30056412
30056398
30056402
30056401
30056391
30056403
30056371
30056372
30056361
30056363
30056206
30056390
30056382
30056294
30056324
30056323
30056275
30056308
30056274
30056320
30056273
30055535
30056272
30056223
30056184
30056198
30056180
30056096
30056197
30056157
30056134
30056138
30056139
30056140
30056132
30056121
30056107
30056095
30056102
30056077
30056110
30056078
30056088
30056099
30056098
30056081
30056073
30056101
30056100
30056079
30056080
30056062
30056069
30056063
30056061
30056071
30056074
30056064
30056011
30055966
30055929
30055946
30055989
30056016
30055950
30056023
30055949
30055947
30056021
30055984
30055991
30055325
30056010
30055326
30055993
30055981
30055931
30055959
30055323
30055967
30055961
30055883
30055951
30055955
30055954
30055944
30055943
30055866
30055924
30055942
30055941
30055911
30055939
30055935
30055934
30055928
30055748
30055925
30055905
30055930
30055885
30055900
30055937
30055879
30055730
30055882
30055838
30055862
30055859
30055861
30055835
30055856
30055848
30055828
30055826
30055847
30055846
30055830
30055624
30055686
30055840
30055693
30055161
30055320
30055485
30055680
30055319
30055801
30055775
30055765
30055747
30055787
30055625
30055774
30055799
30055798
30055797
30055757
30055795
30055794
30055713
30055793
30055789
30055746
30055735
30055734
30055732
30055710
30055711
30055725
30055691
30055657
30055723
30055653
30055703
30055665
30055673
30055676
30055483
30055559
30055600
30055646
30055639
30055633
30055557
30055644
30055642
30055635
30055636
30055307
30055558
30055525
30055605
30055599
30055602
30055434
30055428
30055603
30055592
30055593
30055588
30055587
30055548
30055565
30055571
30055590
30055580
30055576
30055566
30055564
30055306
30055562
30055433
30055560
30055432
30055431
30055527
30055522
30055550
30055531
30055502
30055476
30055508
30055498
30055466
30055506
30055500
30055497
30055469
30055479
30055496
30055471
30055474
30055443
30055273
30055423
30055422
30055420
30055393
30055362
30055394
30055392
30055120
30055371
30055354
30055347
30055348
30055384
30055297
30055385
30055330
30055339
30055334
30055340
30055333
30055331
30055281
30055288
30055272
30055275
30055276
30055252
30055261
30055179
30055214
30055207
30055251
30055204
30055010
30055253
30055201
30055189
30055170
30055173
30055169
30055185
30055172
30055166
30055138
30055135
30055140
30055112
30055131
30055122
30055018
30055117
30055039
30055108
30055034
30055110
30055105
30055124
30055093
30055085
30055090
30054900
30055080
30055068
30055076
30055064
30055058
30055056
30055061
30055060
30055047
30055057
30055024
30055054
30055044
30055015
30055042
30055036
30054916
30055016
30055019
30055013
30055005
30055002
30054961
30054991
30054761
30054955
30054959
30054957
30054976
30054975
30054956
30054958
30054930
30054847
30054932
30054926
30054924
30054907
30054922
30054905
30054901
30054756
30053085
30054896
30054879
30054875
30054895
30054840
30054870
30054869
30054868
30054866
30054834
30054833
30054818
30054827
30054867
30053543
30054822
30054816
30054814
30054806
30054803
30053080
30054787
30054783
30054778
30054706
30054768
30054753
30054577
30054438
30054744
30053652
30054730
30054738
30054722
30054715
30054206
30054729
30054720
30054637
30054712
30054636
30054705
30054688
30054700
30054422
30054704
30054697
30054331
30054691
30054686
30054693
30054681
30054675
30053735
30054673
30054672
30054628
30054121
30054588
30054633
30054639
30054603
30054656
30054564
30053974
30054629
30054600
30054625
30054626
30053108
30054627
30053651
30054591
30054236
30054520
30054554
30054585
30054584
30054597
30054586
30054582
30054553
30054567
30054569
30054232
30054552
30054557
30054538
30054543
30054541
30054534
30054510
30054223
30054530
30054529
30054518
30054533
30054512
30054437
30054188
30054519
30054507
30054527
30054517
30054515
30054500
30054514
30054467
30054504
30054471
30054446
30054413
30054460
30054459
30054235
30054423
30054418
30054453
30054420
30054412
30054416
30054414
30054400
30054278
30054204
30054147
30053904
30054393
30054407
30054392
30054395
30054372
30054358
30054366
30054336
30054277
30054276
30054287
30054315
30054289
30054317
30054313
30054283
30054285
30054284
30054280
30054273
30054266
30054264
30054255
30054243
30054242
30054248
30054215
30054241
30053897
30054203
30054048
30054187
30053925
30054169
30054189
30054158
30054151
30054156
30054155
30054149
30054071
30054074
30054186
30054032
30054010
30054057
30053926
30054033
30054150
30054055
30053993
30054043
30053960
30054003
30053849
30054002
30053994
30053756
30054044
30053697
30053976
30053943
30053975
30053986
30053532
30053801
30053932
30053887
30053928
30053930
30053110
30053920
30053908
30053591
30053907
30053593
30053903
30053865
30053858
30053881
30053900
30053873
30053416
30053605
30053786
30053888
30053839
30053848
30053864
30053859
30053822
30053809
30053826
30053807
30053835
30053834
30053808
30053806
30053818
30053784
30053794
30053810
30053134
30053227
30053792
30053481
30053748
30053773
30053750
30053744
30053622
30053760
30053759
30053754
30053745
30053610
30053747
30053696
30053757
30053763
30053670
30053699
30053687
30053542
30053695
30053223
30053667
30053601
30053662
30053661
30053644
30053643
30053663
30053719
30053717
30053675
30053674
30053689
30053640
30053672
30053673
30053664
30053615
30053614
30053592
30053415
30053619
30053499
30053197
30053548
30053522
30053229
30053599
30053540
30053547
30053133
30053494
30053479
30053478
30053358
30053145
30053208
30053515
30053513
30053410
30053323
30053518
30053266
30053392
30053495
30053463
30053512
30053135
30053407
30053394
30053393
30053237
30053147
30053389
30053131
30053130
30053377
30053324
30053367
30053382
30053333
30053327
30053325
30053365
30053243
30053246
30053305
30053311
30053356
30053244
30053221
30053257
30053128
30053195
30053009
30053275
30053211
30053273
30053205
30053282
30053238
30053309
30053186
30053291
30053171
30053290
30053283
30053250
30053159
30053116
30053169
30053222
30053168
30053127
30053155
30053141
30053161
30053119
30053148
30053158
30052678
30053179
30053124
30053121
30053151
30053157
30052197
30053120
30052950
30052875
30052779
30053029
30052980
30053017
30052675
30052954
30052992
30052995
30053023
30052999
30053000
30052998
30052933
30052972
30052883
30052952
30052928
30052908
30052909
30052906
30052905
30052907
30052677
30052847
30052923
30052921
30052661
30052916
30052676
30052223
30052895
30052896
30052844
30052845
30052842
30052843
30052859
30052815
30052715
30052591
30052788
30052765
30052662
30052587
30052814
30052783
30052546
30052811
30052762
30052763
30052782
30052786
30052781
30052734
30052753
30051846
30052737
30052722
30052650
30052711
30052751
30052670
30052023
30052006
30052660
30052430
30052317
30052586
30052579
30052577
30052545
30052504
30052458
30052556
30052445
30052503
30052334
30052342
30052322
30052310
30052515
30052253
30052519
30052521
30052258
30052541
30051911
30052514
30052518
30052195
30052508
30052444
30052492
30052479
30052474
30052507
30052480
30052132
30052252
30052257
30052472
30051806
30052022
30051998
30052315
30052389
30052251
30052412
30052256
30052439
30052260
30052259
30052244
30052405
30052134
30052377
30052372
30052013
30052250
30052314
30052340
30052255
30051804
30052125
30052335
30051995
30051190
30050836
30052281
30052242
30052292
30052288
30051932
30051988
30051966
30052191
30052005
30052149
30052298
30052279
30051794
30052229
30052286
30052243
30052245
30051631
30051638
30051617
30051985
30052235
30052186
30052209
30052233
30052113
30052204
30051734
30051655
30052167
30052103
30052192
30052201
30052168
30051715
30052183
30051167
30052182
30051168
30052189
30052088
30051633
30051624
30051789
30051733
30051751
30052078
30051873
30051792
30051790
30052054
30052084
30051673
30052051
30051652
30052036
30052042
30051732
30052045
30051872
30052046
30052047
30051984
30051637
30051956
30051802
30051803
30051952
30051707
30051616
30051795
30051942
30051506
30051928
30051786
30051731
30051910
30051871
30051898
30051750
30051596
30051592
30051907
30051556
30050835
30051501
30051868
30051893
30051859
30051849
30051826
30051736
30051504
30051881
30051645
30051860
30051169
30051446
30051841
30051829
30051784
30051788
30051785
30051729
30051809
30051735
30051771
30051770
30051503
30051706
30051409
30051408
30051708
30051644
30051728
30051767
30051766
30051754
30051447
30051597
30051365
30051671
30051745
30051670
30051611
30051594
30051364
30051054
30051595
30051535
30051564
30051109
30051554
30051351
30051559
30051112
30051536
30051523
30050839
30051534
30050834
30051288
30051465
30051431
30051497
30051363
30051492
30051055
30051430
30051436
30051471
30051437
30051462
30051445
30051293
30051420
30051362
30051187
30051096
30051417
30051416
30051111
30051385
30051376
30051381
30051250
30051312
30051357
30051369
30051267
30051346
30051360
30051361
30051344
30051332
30051044
30051322
30051296
30051331
30051338
30051335
30051266
30051219
30051214
30051273
30051264
30051262
30051252
30051276
30051300
30051249
30050838
30051237
30051222
30051205
30051220
30051215
30051171
30051213
30051134
30050833
30051173
30051172
30051162
30051164
30051159
30051158
30050739
30051133
30051139
30051075
30051070
30051072
30051073
30051132
30051082
30051079
30051065
30051006
30051071
30051062
30051061
30050894
30050897
30051029
30051034
30050751
30050992
30051042
30051002
30050995
30050981
30050975
30050962
30050979
30050948
30050954
30050934
30050938
30050937
30050837
30050923
30050883
30050888
30050750
30050928
30050848
30050716
30050798
30050799
30050822
30050736
30050795
30050763
30050764
30050746
30049879
30050704
30050674
30050673
30050665
30050691
30050663
30050681
30050623
30050671
30050525
30050664
30050583
30050631
30050600
30050595
30050594
30050602
30050612
30050541
30050447
30050243
30050570
30050521
30050540
30050539
30050533
30050530
30050543
30050523
30050465
30050472
30050413
30050453
30050418
30050456
30050445
30050431
30050101
30050192
30050342
30050400
30050406
30050387
30050325
30050191
30050220
30050007
30049811
30050143
30049244
30049748
30050068
30050044
30050047
30049958
30049778
30049977
30049857
30049859
30048866
30049925
30049816
30049661
30049732
30049820
30049818
30049751
30049758
30049757
30049707
30049579
30049578
30049768
30049686
30049704
30049726
30049722
30049685
30049561
30049645
30049601
30049594
30049558
30049481
30049543
30049526
30049541
30049544
30049510
30049477
30049476
30049381
30049443
30049431
30049251
30048812
30049359
30049199
30049177
30049254
30049337
30048986
30049223
30049143
30049228
30049197
30049224
30049195
30049196
30049198
30048685
30048861
30049114
30048865
30048444
30049124
30049121
30049015
30048831
30048679
30048981
30048931
30049008
30048010
30048975
30048910
30048914
30048908
30048899
30048860
30048894
30048892
30048889
30048800
30048781
30048563
30048858
30048561
30048803
30048480
30048744
30048764
30046803
30048663
30048670
30048560
30048501
30048585
30048494
30048491
30048523
30048519
30048493
30048502
30048486
30048365
30048429
30048443
30048472
30048382
30048405
30048436
30048394
30048379
30048362
30048315
30048329
30048326
30048247
30048327
30048085
30048309
30048278
30048277
30048215
30048206
30048214
30048213
30048179
30048162
30048176
30048174
30048122
30048137
30048136
30048141
30048074
30047875
30048105
30048139
30048120
30048011
30047946
30048140
30048106
30048006
30048042
30047937
30048083
30047925
30048030
30048020
30047618
30047955
30048022
30047896
30047648
30047907
30047906
30047924
30047631
30047579
30047649
30047850
30046794
30047869
30047802
30047650
30047591
30047693
30047552
30047612
30047549
30047606
30047610
30047473
30047523
30047520
30047517
30047680
30047448
30047518
30047291
30047432
30047431
30047429
30047428
30047468
30047314
30047346
30047255
30047399
30046807
30047415
30047464
30047411
30047358
30047359
30047405
30047327
30047344
30047190
30047345
30047288
30047253
30047316
30047215
30047217
30047271
30047258
30047240
30047277
30047261
30047202
30047158
30047192
30047257
30047031
30047050
30046201
30047221
30047132
30047195
30047173
30046973
30047232
30047233
30047017
30046831
30047169
30046992
30046577
30047135
30047166
30047013
30046943
30047051
30047004
30047045
30046980
30046758
30046970
30047028
30046889
30046985
30046959
30046968
30046967
30046907
30046654
30046948
30046805
30046908
30046885
30046830
30046884
30046850
30046896
30046091
30046845
30045766
30046864
30046780
30046808
30046738
30045145
30046717
30046760
30046692
30046766
30046739
30046734
30046724
30046688
30046697
30046693
30046737
30046698
30046627
30046666
30046578
30046659
30046731
30046676
30046224
30046643
30046638
30046561
30046560
30046554
30046582
30046149
30046509
30046487
30046513
30045765
30046524
30046508
30046441
30046285
30046527
30046225
30046507
30046461
30046483
30046542
30046440
30046376
30046345
30046310
30046385
30046274
30046277
30046414
30045514
30046315
30046442
30046297
30046011
30046289
30046293
30046235
30045871
30046239
30046128
30046331
30046276
30046278
30046215
30046242
30046139
30046161
30046150
30046141
30046222
30046208
30046010
30046036
30046210
30046102
30046106
30046132
30046093
30046103
30045939
30046135
30046084
30046126
30046065
30046096
30046095
30046041
30046094
30045945
30045892
30046047
30045838
30045975
30045966
30045938
30046006
30045976
30045790
30046037
30045982
30045937
30045986
30045909
30045908
30045967
30045890
30045917
30045913
30045904
30045946
30045893
30045907
30045470
30045472
30045898
30045858
30045897
30045777
30045756
30045852
30045830
30045791
30045887
30045837
30045780
30045776
30045832
30045784
30045644
30045795
30045679
30045690
30045782
30045641
30045735
30045558
30045686
30045670
30045273
30045628
30045640
30045734
30045661
30045604
30045639
30045596
30045483
30045678
30045612
30045611
30045593
30045555
30045481
30045580
30045553
30045610
30045617
30045552
30045631
30045605
30045388
30045571
30045112
30045378
30045448
30045447
30045425
30045372
30045359
30045427
30045441
30045501
30045348
30045510
30045431
30045350
30045426
30045304
30045386
30045343
30045380
30045400
30045312
30045435
30045392
30045303
30045346
30045038
30045305
30045234
30045159
30045186
30045239
30045151
30045206
30045240
30045208
30045249
30045140
30045203
30045099
30045110
30044980
30045003
30044974
30045010
30044874
30044695
30044119
30043850
30044665
30044838
30044631
30044719
30044666
30044247
30044576
30044614
30044363
30044522
30044597
30044503
30044588
30044446
30044241
30044280
30044278
30044277
30044275
30044276
30044401
30044346
30044483
30044358
30044360
30044357
30044356
30044354
30044353
30043655
30044422
30044410
30044212
30044282
30044268
30044211
30044053
30044179
30044083
30044101
30044043
30044040
30044093
30044041
30043934
30043886
30043882
30043869
30043265
30043836
30043784
30043906
30043661
30043789
30043774
30043694
30043663
30043625
30043606
30043690
30043626
30043505
30043598
30044321
30043531
30043530
30043465
30043603
30044320
30043476
30043081
30043078
30043474
30043437
30043471
30043383
30043363
30043373
30043382
30043364
30043297
30043335
30043338
30043317
30043167
30042967
30043214
30043299
30043267
30043264
30043283
30043319
30043281
30043229
30043211
30042730
30043102
30043179
30042725
30043224
30043068
30043076
30043230
30043080
30043029
30043108
30043021
30043012
30043101
30043030
30043107
30043010
30043049
30042882
30042965
30043009
30042996
30043016
30043025
30043015
30043005
30042940
30042955
30043011
30042922
30042861
30042731
30042942
30042921
30042894
30042893
30042866
30042671
30042647
30042879
30042937
30042109
30042845
30042829
30042827
30042716
30042628
30042738
30042735
30042661
30042708
30042686
30042611
30042560
30042618
30042608
30042465
30042332
30042341
30042312
30042359
30042403
30042402
30042401
30042360
30042331
30042313
30042314
30042349
30042311
30041831
30042251
30042199
30042122
30042114
30042151
30042063
30041872
30042065
30042047
30041842
30042041
30041926
30041937
30041569
30041567
30041570
30042432
30042431
30041894
30041870
30041879
30041497
30041676
30041768
30041726
30042429
30041698
30042427
30041699
30041564
30041563
30041562
30041686
30041401
30041528
30041306
30041501
30041483
30041436
30041416
30041400
30041389
30042426
30041423
30041370
30041355
30041353
30041317
30041351
30041315
30041332
30042425
30042424
30042428
30042423
30041229
30042422
30041104
30041250
30041248
30041210
30041101
30039377
30040995
30040946
30040904
30040833
30041176
30040903
30040954
30040947
30040889
30040874
30040813
30039599
30042420
30041179
30040823
30040713
30040714
30041180
30040834
30041181
30041185
30041184
30041183
30042421
30041955
30041178
30039454
30041177
30039324
30039383
30039400
30039391
30038993
30039327
30039092
30039091
30039134
30039050
30039085
30039082
30039093
30039051
30039057
30038997
30039274
30039189
30039182
30039200
30039207
30039210
30039187
30039205
30039171
30039191
30039164
30039286
30039276
30039192
30039204
30039201
30039199
30039193
30039180
30039183
30039176
30039279
30039243
30039250
30042450
30042451
30040673
30039175
30040676
30039208
30039277
30039251
30039260
30039253
30039269
30039248
30039172
30039161
30039229
30039162
30039245
30039262
30039261
30039257
30039179
30039209
30039150
30039291
30039256
30039252
30039290
30039292
30039160
30039244
30039238
30039221
30039214
30039194
30039241
30039254
30039226
30039272
30039270
30039184
30040559
30039233
30039211
30039287
30040496
30039289
30039188
30039288
30040609
30039283
30039236
30039278
30039267
30039247
30039266
30039282
30039273
30039259
30040728
30039275
30039285
30039268
30039271
30039281
30039264
30039258
30039284
30039265
30039225
30039246
30039235
30039239
30039234
30039242
30039240
30039263
30039231
30040730
30039237
30039230
30039227
30039224
30039232
30039223
30039217
30040748
30039219
30039212
30039222
30039216
30039173
30039181
30039202
30039218
30039220
30039174
30039177
30040743
30040741
30039186
30040725
30039215
30040722
30040744
30039185
30039198
30040747
30040745
30040740
30040746
30037816
30040738
30040739
30037818
30037803
30040736
30040734
30039728
30037815
30040737
30037819
30037581
30037820
30037783
30038541
30037813
30040735
30040731
30040733
30038542
30037821
30037704
30037822
30037824
30040729
30040727
30038550
30037817
30037775
30038548
30037827
30038551
30037799
30037825
30037826
30038549
30037782
30038547
30037808
30037792
30037811
30037804
30037802
30037807
30037806
30038486
30037793
30037812
30037800
30038545
30037780
30037794
30037796
30037798
30037734
30037795
30037781
30037785
30037776
30038505
30038529
30038539
30038489
30037771
30037746
30037709
30037787
30040422
30038537
30038544
30038533
30037735
30037778
30037714
30037730
30038534
30038504
30038503
30037762
30037723
30037708
30037720
30037766
30038530
30037763
30038497
30037769
30037715
30038481
30038498
30038531
30040386
30038495
30038492
30038493
30037760
30037759
30037703
30038532
30038491
30038120
30038526
30039705
30038516
30037736
30038519
30038463
30038528
30038523
30038517
30037731
30040415
30037744
30037732
30037753
30038520
30037737
30037745
30037748
30037749
30038527
30038510
30038525
30038506
30038507
30038488
30037711
30037719
30037687
30040119
30040113
30040111
30038483
30037688
30037699
30037679
30037693
30038487
30037637
30037700
30037231
30037237
30037211
30037681
30037684
30037691
30037682
30037692
30038470
30038439
30037229
30037665
30038281
30037207
30038407
30038353
30037209
30037233
30038260
30037212
30037228
30037224
30038256
30037199
30038259
30038475
30038141
30037093
30037630
30037586
30037668
30038480
30038469
30038477
30037660
30037583
30037585
30037557
30037659
30037667
30037590
30037578
30037650
30037652
30037587
30037672
30038405
30037510
30037597
30040276
30037651
30040267
30037566
30037657
30038482
30037670
30037649
30038468
30037666
30038476
30037641
30038478
30037629
30037662
30037647
30038459
30037654
30038466
30038472
30037655
30040094
30038460
30038462
30037628
30037643
30037642
30037645
30037624
30037646
30037619
30038457
30038465
30037627
30037632
30038446
30037613
30038464
30037626
30037631
30037640
30038461
30037611
30037614
30037616
30037633
30037620
30038443
30038406
30038454
30038455
30038456
30038018
30038372
30037258
30037268
30038449
30037618
30037602
30038416
30037600
30037605
30038451
30037575
30037591
30037546
30038452
30037606
30037604
30038431
30037459
30037563
30037935
30038432
30038371
30037381
30037558
30037589
30037595
30038441
30038444
30037567
30038445
30038442
30037400
30037940
30038447
30040283
30037596
30038436
30037568
30037492
30037584
30038437
30038438
30037494
30037576
30040095
30037497
30038433
30037577
30037592
30037593
30038428
30037364
30037457
30038327
30038402
30037561
30037555
30038410
30038065
30038017
30037351
30038412
30037481
30038072
30037961
30037509
30038425
30038424
30038426
30037156
30037540
30038415
30036834
30038421
30037011
30037399
30037522
30037394
30037355
30037531
30038422
30037499
30037495
30037354
30037425
30038278
30038143
30038136
30037412
30037266
30037343
30037292
30038149
30038094
30038099
30037007
30038109
30038133
30037038
30036949
30038110
30037018
30037044
30038095
30037043
30038093
30038295
30037033
30038062
30036892
30037541
30037556
30036895
30037514
30036600
30036909
30037545
30036894
30037542
30038361
30038427
30036677
30036636
30037553
30037543
30038377
30037468
30037496
30037387
30037444
30037552
30038430
30037544
30038429
30037034
30038401
30040088
30037334
30037518
30038420
30036997
30038411
30038418
30040089
30037513
30037532
30038408
30038413
30037517
30037526
30038423
30037502
30037500
30037503
30038287
30037515
30037001
30037276
30037002
30040085
30040271
30037504
30037505
30037274
30037277
30038400
30037035
30038106
30037037
30038111
30037469
30037441
30038088
30038398
30038086
30040078
30038105
30036985
30038083
30038087
30037484
30038396
30038024
30037489
30038379
30038378
30037445
30037447
30037443
30038399
30037442
30038397
30038347
30040066
30037352
30038329
30036981
30040056
30037132
30036934
30040057
30040083
30040018
30040060
30040259
30040080
30037479
30040082
30040076
30040081
30040077
30040084
30038387
30038385
30040261
30040072
30040254
30040070
30040258
30040067
30037454
30038384
30040065
30037453
30037458
30040255
30037462
30037450
30038370
30037456
30040064
30037410
30040054
30038340
30037455
30037463
30037467
30037464
30037451
30038148
30040058
30037438
30040251
30038343
30037379
30038341
30037357
30037366
30038346
30037368
30037349
30037353
30036687
30037360
30037333
30037363
30037337
30037131
30038331
30037347
30037350
30038333
30038320
30037108
30037051
30040204
30037138
30037316
30037006
30038156
30036660
30038161
30037008
30037129
30040201
30037005
30038153
30038035
30037154
30038159
30036623
30037071
30036932
30036960
30038076
30040227
30037102
30038097
30038050
30036621
30037140
30037087
30038055
30038075
30038046
30036962
30038069
30036913
30038084
30038047
30038239
30037204
30038048
30037193
30037205
30037173
30036866
30037950
30037186
30038257
30037200
30036724
30038261
30036714
30040211
30037192
30037167
30037184
30038245
30036877
30038251
30036888
30037195
30037179
30038240
30037966
30036883
30037197
30037287
30036691
30037936
30036906
30037243
30036652
30037907
30037300
30036864
30036613
30036882
30036879
30037206
30038031
30037265
30037269
30038314
30037267
30036723
30036686
30037922
30037286
30036725
30036880
30038030
30037920
30036684
30037217
30038023
30037912
30037280
30038317
30037967
30038308
30037260
30036634
30037309
30037304
30038307
30037299
30038299
30038306
30037291
30038309
30037271
30040209
30037232
30037245
30037264
30038263
30038284
30040225
30037263
30038269
30037182
30037234
30040223
30037130
30038265
30038291
30038270
30037221
30037210
30037215
30037194
30037178
30037161
30038252
30038248
30038250
30037158
30038243
30037123
30037163
30036901
30038241
30037175
30037159
30038242
30037142
30037118
30037003
30040034
30036935
30038165
30038155
30038163
30038107
30040193
30037116
30038112
30037058
30037046
30037017
30038117
30037049
30037021
30037092
30038108
30038096
30038036
30038154
30036902
30038116
30038114
30038139
30038118
30038115
30036715
30037433
30037041
30038098
30038147
30038081
30036972
30036921
30036984
30037052
30038126
30040192
30040199
30038057
30038122
30038129
30038113
30036966
30036946
30038123
30038077
30038071
30038037
30037959
30037968
30038316
30038070
30036876
30037915
30036884
30040134
30036887
30038041
30038033
30038039
30038053
30038056
30036933
30037911
30040179
30036641
30036914
30037913
30036930
30036917
30038045
30038042
30037933
30038051
30036872
30036928
30037924
30038043
30038049
30036670
30038044
30040163
30036721
30037927
30038054
30038027
30037954
30037909
30036711
30038026
30036690
30037946
30040132
30037917
30037919
30036702
30037932
30036685
30036692
30036644
30036707
30036710
30040133
30037902
30037906
30036633
30037418
30036654
30037928
30037918
30036631
30037925
30036635
30040247
30037437
30037923
30038359
30038373
30039600
30038350
30038354
30038363
30037416
30038368
30037384
30038369
30040248
30037434
30037439
30038357
30037389
30037432
30038375
30037401
30038366
30040246
30037367
30037386
30037393
30037403
30038360
30037422
30038376
30037417
30037420
30037390
30038362
30037407
30037414
30038339
30038365
30037345
30038344
30037404
30038358
30038345
30038342
30038355
30037369
30038348
30038336
30038351
30038315
30038338
30037382
30038337
30037323
30038332
30037342
30038330
30038334
30038328
30038325
30038326
30037327
30037319
30038322
30038323
30038324
30038313
30038321
30038310
30037307
30038298
30037294
30038311
30037315
30037272
30040230
30038304
30038305
30038302
30038293
30038300
30038294
30037288
30040228
30038301
30038274
30038285
30038288
30038296
30038034
30038289
30038283
30037242
30040221
30038276
30040217
30038275
30040216
30038266
30038264
30036722
30038255
30038267
30038235
30038246
30038249
30037191
30040206
30037189
30037165
30038254
30037172
30038247
30037949
30037170
30036988
30037153
30036986
30036992
30038104
30037910
30038058
30038082
30036904
30037166
30038236
30038167
30038102
30038237
30038244
30036989
30038090
30036996
30038103
30038085
30037030
30036688
30037951
30037026
30036694
30037944
30037942
30036650
30037105
30037962
30037103
30037144
30037145
30037124
30038138
30038164
30038160
30038162
30037107
30038152
30038158
30037111
30037113
30037114
30037110
30040202
30037084
30037090
30037085
30038134
30038132
30038135
30040195
30038131
30038146
30038127
30038125
30040191
30038121
30036964
30040183
30038063
30038067
30036944
30038060
30036943
30038061
30036712
30038032
30036639
30037901
30036696
30036903
30040170
30036669
30037947
30037916
30036706
30037948
30036699
30036900
30036700
30037931
30036667
30037937
30037930
30036666
30037914
30037938
30037939
30037963
30036846
30038091
30036845
30036998
30038119
30038092
30038100
30038073
30040190
30036968
30038079
30038068
30038080
30036977
30038074
30036954
30036853
30036951
30036952
30038064
30036852
30038019
30036850
30036847
30036743
30036745
30037964
30040140
30040141
30036874
30040139
30037957
30037956
30036733
30036732
30038038
30036863
30036859
30040161
30040162
30038020
30036614
30037955
30036726
30036728
30038013
30038029
30036717
30037929
30037921
30036620
30037880
30037900
30037904
30037905
30036612
30036848
30036570
30038014
30038015
30038016
30038012
30036786
30037977
30036784
30036783
30037981
30037978
30036779
30037980
30037979
30036775
30036771
30037976
30037970
30036766
30036764
30036765
30037972
30037974
30036758
30036760
30037973
30036754
30036752
30037969
30036832
30037997
30040160
30038009
30038008
30038007
30040158
30038010
30038002
30036824
30037999
30040156
30036817
30036814
30036809
30036811
30037995
30036802
30037994
30036812
30036800
30036803
30036804
30036807
30037984
30036793
30037985
30040149
30040148
30036797
30037988
30037987
30040146
