30049794
30048791
30046171
30046424
30044072
30043787
30042874
30041395
30039582
30039328
30036103
30038820
30036040
30035520
30035971
30035936
30035762
30035776
30034432
30035150
30035151
30034759
30034766
30034539
30034486
30034536
30034448
30034124
30033646
30033892
30033888
30032528
30033644
30033172
30033493
30033407
30033422
30033131
30033130
30033129
30032990
30032989
30032988
30032986
30032584
30032372
30032404
30032363
30032346
30032364
30032270
30031177
30031174
30031745
30031711
30031498
30031621
30031440
30031400
30030450
30030824
30031271
30030962
30030714
30030881
30030561
30030575
30029501
30030511
30030509
30030510
30029839
30029652
30029587
30029508
30028613
30029147
30029212
30029232
30029048
30028774
30028769
30028912
30028608
30028611
30028554
30028538
30028295
30028354
30028086
30028127
30028111
30028110
30028101
30027886
30028120
30027219
30027911
30027862
30025889
30027662
30026300
30027500
30027494
30027410
30027350
30026964
30026766
30026514
30026836
30026485
30026615
30026719
30025941
30025966
30026554
30026384
30026352
30025967
30025999
30026053
30026028
30025921
30025955
30025910
30025831
30025911
30025849
30025836
30025785
30025840
30025723
30025698
30025380
30025295
30025073
30025014
30024888
30024799
30024871
30024621
30024722
30024545
30024593
30024552
30024496
30024446
30024401
30024397
30024067
30023756
30024064
30023946
30023294
30018215
30021883
30023210
30023110
30023101
30019597
30019593
30019501
30019078
30018997
30018801
30018591
30018810
30018839
30018593
30018742
30018523
30018600
30018660
30018562
30018601
30018441
30018492
30018064
30017981
30017961
30017847
30017511
30017707
30017710
30017656
30017448
30017171
30017359
30017377
30017180
30017135
30016974
30017085
30017044
30017066
30017005
30016834
30016802
30016770
30016569
30016547
30016448
30016384
30016273
30016240
30016058
30015962
30015961
30015921
30015726
30015377
30015496
30015469
30014594
30013416
30013152
30012668
30012616
30012200
30011723
30011486
30011011
30010823
30010271
30009610
30009640
30009572
30009460
30009451
30009056
30008930
30008794
30008296
30007688
30007637
30007513
30007102
30007085
30006999
30006942
30006891
30006701
30006664
30006616
30006640
30006632
30006562
30006612
30006581
30006500
30006309
30006305
30006289
30006288
30006222
30006151
30006119
30006080
30006064
30006037
30006063
30006060
30006040
30005979
30005978
30005937
30005966
30005925
30005924
30005923
30005857
30005875
30005898
30005894
30005890
30005880
30005901
30005895
30005858
30005850
30005873
30005872
30005871
30005853
30005867
30005846
30005863
30005845
30005812
30005769
30005767
30005800
30005793
30005760
30005749
30005682
30005639
30005607
30005570
30005557
30005504
30005378
