30052049
30051863
30050581
30048239
30044679
30045339
30042283
30042124
30039597
30041324
30040814
30039596
30041013
30035521
30034171
30039550
30039123
30038901
30035801
30036147
30035800
30036091
30035577
30035917
30035721
30035782
30035746
30035295
30035517
30034395
30035471
30035477
30035160
30035153
30035033
30035045
30033370
30034750
30034679
30034356
30034355
30034582
30034552
30034503
30033556
30033750
30033664
30033554
30033210
30032678
30032862
30032634
30032261
30031963
30031964
30031355
30031826
30031912
30031353
30031354
30028939
30031352
30031275
30031144
30030934
30030874
30030741
30030578
30029563
30029117
30029392
30027157
30029078
30028819
30028450
30028078
30027367
30027366
30026455
30026081
30025962
30025961
30025255
30024261
30023904
30023903
30023906
30023905
30023297
30019786
30019799
30019787
30019788
30019349
30018935
30018169
30017939
30017937
30017327
30016839
30016837
30016554
30016634
30016431
30016373
30016409
