30119700
30119208
30112907
30112241
30104533
30103155
30102518
30099295
30094616
30094090
30091160
30091078
30090601
30090871
30090591
30090515
30089873
30089872
30089871
30088065
30086374
30085148
30083786
30083502
30077399
30076201
30077487
30071975
30071055
30070299
30067414
30067415
30067679
30067609
30067608
30066995
30067431
30067432
30066716
30066866
30065649
30065937
30064628
30063893
30063878
30063395
30063468
30063243
30063263
30063236
30063235
30062898
30063099
30063098
30062687
30062738
30062757
30061954
30062109
30061550
30060350
30060226
30059852
30059094
30058277
30058138
30057902
30057926
30056628
30056202
30055285
30055086
30055079
30054964
30054883
30054801
30054528
30054374
30054295
30053778
30053560
30053527
30053284
30053263
30053262
30053270
30053271
30053272
30052976
30052749
30052877
30052517
30052840
30052653
30052652
30052537
30052640
30052490
30052511
30052100
30052055
30051901
30051823
30051685
30051598
30051591
30051543
30051468
30051457
30051226
30051240
30051234
30050898
30051146
30051016
30050775
30050756
30050738
30050752
30050680
30050708
30050695
30050580
30050626
30050585
30050542
30050537
30050524
30050438
30050497
30050442
30050343
30050140
30050282
30050144
30050208
30050108
30050193
30049984
30049979
30049899
30049782
30049708
30049745
30049673
30049500
30049501
30049535
30049633
30049632
30049546
30049520
30049138
30049160
30048851
30048870
30048731
30048814
30048732
30048658
30048335
30048407
30048342
30048376
30047689
30047686
30048208
30047766
30048080
30048100
30048075
30048041
30048040
30047607
30047537
30047480
30047578
30047574
30047466
30047186
30046995
30047176
30047157
30047047
30047044
30047011
30047137
30047064
30046835
30046924
30046834
30046690
30046646
30046375
30046594
30046516
30046387
30046384
30046436
30045846
30046180
30046137
30046122
30045995
30046040
30045969
30045997
30045993
30045990
30045648
30045576
30045696
30045415
30045465
30045499
30044715
30044764
30045414
30044195
30045262
30044912
30044957
30044910
30044909
30044643
30044392
30044582
30044581
30044507
30044445
30044391
30044266
30044350
30044257
30044178
30044173
30044168
30044118
30044085
30044081
30043675
30043933
30043919
30043938
30043783
30043410
30043660
30043806
30043515
30043528
30043732
30043733
30043646
30043651
30043483
30043636
30043526
30043586
30043551
30043412
30043334
30043241
30043042
30043206
30042966
30042890
30042889
30042891
30042844
30042810
30042737
30042726
30042552
30042553
30042743
30042491
30042483
30042302
30042308
30042310
30042162
30042150
30042095
30042077
