30035805
30035983
30035981
30035630
30035443
30033945
30033949
30033947
30033882
30034121
30033719
30032659
30033717
30033715
30031875
30033711
30033318
30029672
30029670
30031873
30031881
30032978
30031769
30031178
30033020
30032781
30032897
30031536
30031879
30029847
30032184
30032182
30031767
30032180
30032719
30032718
30032491
30032710
30032715
30032712
30032637
30032635
30031871
30032554
30032562
30031534
30031765
30031763
30031877
30031252
30031530
30031757
30031755
30032399
30032022
30032020
30031528
30032356
30029884
30032289
30031250
30031532
30031986
30032084
30032078
30031526
30032008
30031984
30031941
30031918
30031916
30030050
30031923
30031828
30031835
30031746
30031737
30031623
30031135
30031465
30027271
30031124
30027269
30031565
30031567
30031141
30031463
30031461
30031139
30031457
30030052
30031137
30027259
30027265
30030586
30031386
30027261
30027267
30031304
30031303
30031273
30027257
30030584
30030582
30027263
30030354
30031202
30031036
30031122
30031109
30031164
30031034
30031032
30031200
30031021
30031166
30031162
30031160
30030796
30031055
30031128
30031129
30031104
30030348
30030346
30031056
30030344
30030611
30030032
30030605
30030609
30030607
30030034
30031028
30028152
30030625
30029681
30030738
30030863
30030749
30030746
30030028
30029081
30030861
30030637
30027706
30030837
30030445
30030615
30027702
30030613
30027700
30030565
30030567
30030356
30030574
30030562
30030482
30030415
30030504
30030542
30030298
30030438
30030440
30030413
30030295
30030331
30029663
30029912
30029911
30027588
30029870
30027716
30029686
30029046
30029838
30029750
30027714
30027712
30029521
30029451
30027956
30029403
30029399
30028570
30029397
30029404
30028568
30026996
30028566
30027952
30029246
30027415
30027950
30029039
30026304
30029116
30028573
30027083
30029123
30029032
30029096
30029094
30028918
30028021
30028023
30028988
30028813
30028736
30028734
30027413
30027962
30027960
30027564
30028475
30028162
30027401
30026990
30027026
30026988
30027742
30027750
30027297
30027211
30026724
30026722
30025485
30025481
30026873
30026509
30026925
30026927
30026648
30026822
30026865
30026893
30026646
30026396
30026394
30026507
30026280
30026672
30026251
30024317
30026468
30026613
30026517
30026616
30026515
30026519
30026505
30026362
30026222
30026098
30026183
30026096
30026117
30026094
30026072
30026037
30026057
30025448
30026005
30025533
30025531
30025259
30025509
30025501
30025478
30025476
30025474
30025388
30025257
30025337
30025335
30025301
30025303
30025093
30025118
30025116
30025110
30024932
30024971
30024968
30024998
30024969
30024966
30024895
30024994
30024990
30024964
30024978
30024899
30024897
30024962
30024862
30024382
30024380
30024378
30019697
30024724
30024476
30024474
30024517
30024515
30024470
30024472
30019381
30019379
30024359
30024357
30024393
30024443
30024315
30019375
30019377
30024306
30024232
30024234
30024034
30019371
30019373
30023740
30019369
30019367
30019365
30019186
30024032
30023788
30023703
30023690
30023783
30023684
30019695
30019184
30023386
30023535
30023320
30023208
30023352
30023283
30023292
30023250
30019789
30019882
30019237
30022821
30019341
30019692
30019598
30019690
30019347
30019352
30019062
30019230
30019128
30019126
30018990
30018847
30018662
30018383
30018480
30018541
30017045
30017788
30017790
30017885
30017797
30017795
30017793
30017908
30017780
30016962
30017439
30017441
30017443
30017718
30017556
30017554
30017604
30017570
30017457
30017371
30017455
30017494
30017472
30017453
30017367
30017369
30017365
30017363
30017384
30017355
30017312
30017310
30017271
30016285
30016283
30016291
30016287
30017204
30017202
30016289
30016293
30017052
30017063
30017032
30016993
30016996
30016662
30016792
30016635
30016682
30016610
30016590
30016543
30016541
30016545
30016364
30016513
30014195
30016397
30016353
30016329
30016327
30016324
30016256
30016258
30016255
30016238
30016213
30016211
30016124
30016122
30015593
30016062
30016120
30015394
30015984
30016029
30016007
30016005
30016040
30015959
30015772
30015864
30015862
30015833
30015841
30015814
30015810
30015816
30015812
30015808
30015806
30015783
30015788
30013475
30015737
30015707
30015658
30015685
30015701
30015689
30015664
30015662
30015660
30015668
30015666
30015687
30015683
30015654
30015656
30015596
30015606
30015542
30015544
30015501
30015550
30015462
30015562
30015551
30015420
30015416
30015414
30013919
30015418
30015409
30015436
30013921
30015412
30015467
30014869
30015405
30014866
30015407
30014862
30014859
30015406
30015344
30015375
30015373
30015371
30015335
30015341
30015333
30015317
30015314
30015291
30014851
30015303
30015301
30015269
30015116
30015146
30015143
30015137
30015157
30015155
30015153
30015151
30015134
30015149
30014898
30014896
30014831
30014908
30014912
30014768
30013917
30014714
30014610
30014607
30014810
30014601
30014766
30014764
30014605
30014603
30014599
30014596
30014252
30014731
30014576
30014574
30014504
30014501
30014498
30014583
30014579
30014535
30014331
30014030
30014395
30013481
30014022
30014094
30014295
30013672
30012405
30014013
30014142
30014138
30014201
30014140
30014134
30012392
30014031
30014035
30010794
30014016
30014019
30010790
30013985
30013983
30013949
30013804
30011127
30013336
30010010
30013734
30013736
30013732
30013495
30013638
30013144
30013555
30012957
30012954
30013583
30013589
30013581
30013585
30013587
30013544
30013385
30013165
30013161
30013158
30013154
30013167
30013156
30012997
30013169
30013163
30013001
30013219
30013212
30012746
30012744
30012742
30012848
30013011
30013009
30013007
30013003
30013111
30013108
30012995
30012999
30012834
30012320
30012832
30012993
30012901
30012749
30012224
30012572
30012083
30012350
30010812
30012373
30012372
30012371
30012370
30012368
30012301
30012149
30012154
30012151
30012157
30012160
30010057
30012137
30012134
30012036
30011867
30011712
30012013
30011942
30011946
30011960
30010891
30011830
30011589
30011587
30011826
30011905
30011902
30011899
30011828
30011850
30010487
30011481
30011896
30011836
30011841
30011788
30011739
30011726
30011729
30011622
30011512
30011678
30011714
30011720
30011592
30011568
30011665
30011416
30011668
30011680
30011251
30011615
30011612
30011420
30011579
30011564
30011110
30011545
30011542
30011423
30011531
30011582
30011576
30011569
30009557
30011246
30011176
30011104
30011050
30010540
30011108
30011196
30010444
30011321
30011266
30011265
30011186
30011267
30011380
30010008
30011239
30010498
30010897
30010148
30011118
30010999
30010617
30010936
30010740
30010738
30010759
30010982
30010361
30010913
30010363
30010845
30010880
30009780
30010408
30010705
30010366
30010545
30010590
30010145
30009809
30010203
30010042
30010117
30010228
30009667
30010240
30010205
30009801
30010264
30009647
30009335
30009805
30009917
30010021
30010110
30010108
30010106
30010102
30009831
30009830
30010024
30009477
30009924
30008757
30009916
30009915
30009876
30009878
30009874
30009544
30009880
30009803
30009570
30009825
30009813
30009750
30008592
30009475
30009626
30009399
30009178
30008755
30008753
30009698
30009692
30009684
30009161
30008582
30009622
30007965
30008796
30008810
30009619
30009172
30009538
30009174
30009159
30009166
30009155
30009535
30009537
30009533
30009176
30009168
30009153
30009170
30008137
30009157
30009423
30009370
30009333
30009293
30008714
30008584
30009383
30009382
30009395
30009354
30009256
30008974
30009330
30009225
30008971
30009324
30009344
30009129
30009348
30008457
30008422
30009296
30008784
30009113
30009111
30009260
30008814
30008980
30008989
30008986
30008136
30008775
30008250
30007748
30008732
30008992
30008983
30008977
30008719
30008080
30009037
30007737
30008968
30009025
30008082
30009001
30008998
30008847
30009007
30008621
30009004
30008965
30008788
30008625
30008207
30008211
30008623
30008209
30007648
30008786
30008588
30008760
30008481
30008890
30008637
30008630
30007603
30008818
30008634
30008632
30007741
30008731
30008594
30008806
30008804
30008749
30008088
30008803
30008709
30008292
30008204
30008619
30008613
30008740
30008178
30008338
30007908
30008611
30008609
30008643
30007745
30008705
30008660
30008707
30008662
30008558
30008702
30008333
30007778
30007769
30008603
30008601
30008261
30008554
30008051
30008482
30008256
30008442
30008501
30007614
30008257
30008540
30008253
30007847
30008434
30008352
30008294
30007843
30007767
30008350
30008319
30008003
30008254
30008095
30008270
30007905
30007904
30008090
30008135
30008161
30007907
30007783
30008140
30007906
30007598
30007785
30007903
30008150
30008152
30008032
30008093
30008092
30007853
30007992
30008020
30008019
30008018
30008015
30008013
30008012
30008017
30007615
30008036
30007727
30007856
30007985
30007984
30007816
30007611
30007860
30007842
30007823
30007831
30007625
30007580
30007524
30007639
30007585
30007554
30007509
30007500
30007479
30007478
30007471
30007460
30007439
30007420
30007419
30007408
30007331
30007310
30007330
30007314
30007312
30007292
30007288
30007289
30007285
30007279
30007277
30007276
30007240
30007213
30007161
30007148
30007146
30007144
30007139
30007137
30007126
30007128
30007127
30007123
30007119
30007118
30007114
30007113
30007112
30007111
30007110
30007086
30007073
30007077
30007072
30007071
30007067
30007063
30007041
30007006
30007000
30006992
30006991
30006906
30006904
30006903
30006859
30006851
30006850
30006822
30006820
30006810
30006816
30006823
30006811
30006676
30006667
30006654
30006635
30006633
30006637
30006586
30006553
30006552
30006551
30006550
30006510
30006503
30006509
30006508
30006506
30006495
30006494
30006480
30006479
30006490
30006489
30006472
30006459
30006458
30006457
30006450
30006439
30006435
30006434
30006441
30006383
30006382
30006425
30006333
30006297
30006335
30006313
30006304
30006296
30006300
30006291
30006290
30006268
30006267
30006281
30006262
30006231
30006254
30006238
30006237
30006236
30006232
30006192
30006191
30006113
30006098
30006104
30006083
30006084
30006074
30006073
30006022
30006029
30006028
30006026
30006010
30006027
30006013
30006012
30006011
30005963
30005962
30005930
30005929
30005905
30005921
30005920
30005874
30005876
30005799
30005780
30005779
30005747
30005744
30005743
30005742
30005733
30005698
30005697
30005704
30005693
30005659
30005642
30005624
30005636
30005635
30005634
30005633
30005631
30005610
30005619
30005614
30005613
30005612
30005611
30005602
30005609
30005601
30005596
30005595
30005594
30005593
30005572
30005576
30005575
30005574
30005573
30005568
30005560
30005553
30005536
30005531
30005512
30005513
30005484
30005455
30005439
30005440
30005438
30005437
30005409
30005402
30005401
30005400
30005399
30005397
30005391
30005392
30005393
30005390
30005371
30005349
30005312
30005328
30005336
30005265
30005324
30005319
30005323
30005320
30005311
30005282
30005316
30005291
30005290
30005280
30005279
30005268
30005266
30005264
30005267
30005263
30005271
30005254
30005242
30005257
30005250
30005245
30005229
30005222
30005231
30005225
30005202
30005208
30005217
30005216
30005207
30005163
30005162
30005153
30005140
30005147
30005144
30005143
30005142
30005141
30005151
30005145
30005123
30005146
30005106
30005102
30005101
30005091
30005093
30005094
30005082
30005081
30005061
30005073
30005080
30005054
30005050
30005035
30005015
30005036
30005031
30005014
30005018
30005020
30005019
30005012
30005005
30005013
30005009
30005011
30005010
30004983
30004991
30004977
30004962
30004972
30004973
30004971
30004970
30004939
30004958
30004930
30004929
30004928
30004926
30004925
30004933
30004932
30004906
30004905
30004927
30004903
30004894
30004892
30004891
30004890
30004862
30004893
30004860
30004854
30004856
30004851
30004835
30004824
30004823
30004836
30004806
30004811
30004795
30004788
30004782
30004780
30004794
30004793
30004796
30004787
30004777
30004773
30004762
30004790
30004770
30004763
30004771
30004757
30004750
30004756
30004754
30004753
30004752
30004751
30004739
30004730
30004729
30004728
30004738
30004710
30004695
30004694
30004693
30004692
30004720
30004719
30004699
30004690
30004712
30004675
30004657
30004639
30004670
30004656
30004653
30004606
30004658
30004655
30004654
30004609
30004607
30004638
30004634
30004631
30004590
30004630
30004586
30004585
30004584
30004583
30004582
30004588
30004587
30004552
30004551
30004574
30004570
30004525
30004514
30004511
30004535
30004534
30004521
30004520
30004519
30004518
30004478
30004476
30004475
30004466
30004465
30004464
30004470
30004459
30004461
30004443
30004456
30004453
30004445
30004438
30004436
30004426
30004444
30004435
30004434
30004432
30004433
30004425
30004423
30004422
30004452
30004451
30004410
30004419
30004412
30004397
30004384
30004370
30004374
30004373
30004372
30004347
30004351
30004343
30004344
30004345
30004361
30004346
30004353
30004319
30004318
30004317
30004329
30004312
30004311
30004310
30004309
30004308
30004306
30004327
30004268
30004297
30004298
30004301
30004313
30004272
30004271
30004256
30004255
30004254
30004257
30004237
30004236
30004202
30004203
30004143
30004112
30004111
30004130
30004117
30004065
30004064
30004062
30004063
30004043
30004040
30004039
30004028
30004027
30004026
30004025
30004060
30004049
30004045
30004044
30003993
30003983
30003984
30003965
30003973
30004006
30003933
30003923
30003920
30003808
30003892
30003879
30003877
30003875
30003880
30003878
30003876
30003891
30003871
30003842
30003841
30003894
30003829
30003780
30003809
30003789
30003791
30003790
30003787
30003786
30003785
30003775
30003738
30003732
30003731
30003717
30003693
30003692
30003691
30003679
30003678
30003677
30003651
30003650
30003574
30003570
30003558
30003564
30003563
30003562
30003561
30003559
30003557
30003554
30003553
30003552
30003517
30003541
30003546
30003529
30003560
30003530
30003528
30003516
30003515
30003513
30003514
30003500
30003492
30003491
30003490
30003488
30003487
30003468
30003469
30003420
30003443
30003442
30003439
30003437
30003435
30003434
30003432
30003423
30003422
30003421
30003419
30003418
30003417
30003416
30003415
30003412
30003410
30003411
30003403
30003402
30003399
30003387
30003391
30003414
30003388
30003382
30003381
30003380
30003379
30003378
30003377
30003376
30003375
30003369
30003365
30003364
30003257
30003125
30003271
30003262
30003261
30003260
30003259
30003258
30003256
30003251
30003194
30003193
30003191
30003190
30003124
30003123
30003122
30003121
30003120
30003119
30003118
30003103
30003092
30003091
30003068
30003067
30003066
30003065
30003064
30003063
30003101
30003100
30003043
30003042
30003041
30003052
30003051
30003050
30003049
30003048
30003047
30003046
30002998
30002999
30002997
30003010
30003007
30003006
30003003
30003002
30002995
30002994
30002993
30002987
30002973
30002942
30002928
30002947
30002946
30002945
30002944
30002943
30002940
30002939
30002938
30002937
30002936
30002935
30002931
30002918
30002912
30002911
30002910
30002909
30002908
30002907
30002857
30002859
30002858
30002870
30002872
30002871
30002869
30002868
30002867
30002866
30002865
30002854
30002853
30002852
30002838
30002831
30002826
30002835
30002834
30002815
30002814
30002805
30002804
30002803
30002802
30002801
30002800
30002789
30002792
30002765
30002783
30002782
30002772
30002770
30002769
30002768
30002767
30002766
30002764
30002763
30002747
30002738
30002737
30002677
30002740
30002734
30002745
30002743
30002742
30002735
30002725
30002724
30002705
30002704
30002711
30002710
30002709
30002708
30002706
30002703
30002702
30002701
30002700
30002699
30002697
30002642
30002661
30002660
30002659
30002658
30002657
30002656
30002635
30002651
30002643
30002569
30002621
30002619
30002622
30002618
30002617
30002623
30002610
30002609
30002608
30002607
30002606
30002605
30002604
30002603
30002602
30002601
30002598
30002597
30002596
30002592
30002591
30002594
30002582
30002581
30002580
30002579
30002577
30002590
30002589
30002588
30002585
30002583
30002578
30002571
30002570
30002548
30002547
30002545
30002533
30002532
30002544
30002543
30002542
30002541
30002540
30002539
30002521
30002520
30002509
30002546
30002508
30002501
30002492
30002500
30002491
30002490
30002471
30002455
30002453
30002428
30002433
30002432
30002405
30002435
30002434
30002431
30002430
30002410
30002404
30002356
30002403
30002402
30002401
30002352
30002400
30002391
30002374
30002357
30002355
30002351
30002320
30002341
30002321
30002309
30002308
30002299
30002297
30002312
30002303
30002302
30002301
30002300
30002298
30002283
30002282
30002281
30002280
30002227
30002232
30002226
30002213
30002219
30002218
30002217
30002215
30002207
30002206
30002221
30002220
30002216
30002214
30002164
30002163
30002162
30002161
30002160
30002158
30002157
30002156
30002155
30002122
30002121
30002120
30002096
30002123
30002109
30002107
30002102
30002100
30002098
30002097
30002095
30002094
30002103
30002070
30002060
30002023
30002059
30002058
30002043
30002042
30002041
30002040
30002029
30002028
30002027
30002026
30002025
30002032
30001994
30001993
30001996
30002011
30002009
30002008
30002007
30002006
30002005
30002004
30001995
30001992
30001991
30001990
30001984
30001936
30001935
30001981
30001980
30001979
30001978
30001977
30001976
30001974
30001973
30001972
30001971
30001970
30001960
30001945
30001959
30001932
30001958
30001946
30001943
30001942
30001941
30001940
30001922
30001914
30001902
30001901
30001892
30001883
30001882
30001881
30001874
30001866
30001861
30001858
30001864
30001844
30001843
30001865
30001863
30001860
30001859
30001857
30001841
30001834
30001796
30001817
30001813
30001812
30001810
30001807
30001806
30001791
30001781
30001776
30001811
30001772
30001771
30001757
30001756
30001755
30001754
30001741
30001740
30001728
30001725
30001734
30001698
30001697
30001694
30001693
30001692
30001680
30001649
30001588
30001587
30001658
30001657
30001650
30001648
30001647
30001641
30001652
30001651
30001645
30001644
30001643
30001642
30001660
30001659
30001586
30001598
30001603
30001596
30001595
30001594
30001593
30001592
30001590
30001579
30001576
30001575
30001574
30001572
30001571
30001570
30001602
30001601
30001600
30001599
30001542
30001541
30001526
30001525
30001514
30001533
30001532
30001531
30001530
30001528
30001527
30001491
30001539
30001538
30001537
30001493
30001490
30001540
30001449
30001445
30001444
30001439
30001438
30001454
30001453
30001452
30001451
30001450
30001448
30001446
30001442
30001441
30001440
30001443
30001396
30001403
30001437
30001402
30001400
30001380
30001387
30001386
30001385
30001384
30001383
30001352
30001350
30001346
30001344
30001340
30001328
30001322
30001321
30001317
30001316
30001315
30001314
30001313
30001312
30001311
30001310
30001292
30001291
30001195
30001182
30001211
30001202
30001201
30001200
30001199
30001197
30001196
30001194
30001176
30001175
30001169
30001168
30001161
30001167
30001162
30001154
30001160
30001110
30001104
30001112
30001097
30001078
30001105
30001101
30001118
30001052
30001111
30001109
30001108
30001107
30001106
30001102
30001100
30001099
30001061
30001060
30001051
30001049
30001041
30001031
30000986
30001040
30001008
30001006
30001005
30000984
30000983
30000980
30000977
30000991
30000990
30000976
30000975
30000974
30000971
30000970
30000952
30000951
30000950
30000945
30000943
30000942
30000941
30000940
30000939
30000938
30000870
30000885
30000878
30000877
30000876
30000867
30000866
30000863
30000862
30000861
30000860
30000850
30000831
30000786
30000785
30000784
30000805
30000793
30000792
30000790
30000788
30000770
30000739
30000715
30000714
30000682
30000740
30000738
30000737
30000736
30000735
30000695
30000693
30000691
30000700
30000696
30000694
30000672
30000615
30000628
30000618
30000617
30000616
30000660
30000614
30000610
30000599
30000598
30000597
30000576
30000596
30000594
30000586
30000562
30000571
30000561
30000553
30000552
30000542
30000541
30000540
30000526
30000517
30000516
30000525
30000523
30000520
30000470
30000492
30000522
30000521
30000494
30000493
30000490
30000454
30000455
30000459
30000458
30000441
30000464
30000462
30000438
30000453
30000420
30000431
30000419
30000418
30000421
30000409
30000408
30000414
30000413
30000412
30000404
30000403
30000402
30000401
30000392
30000391
30000281
30000225
30000224
30000263
30000270
30000269
30000268
30000265
30000255
30000251
30000250
30000249
30000247
30000244
30000239
30000238
30000223
30000222
30000220
30000212
30000211
30000181
30000182
30000200
30000210
30000194
30000188
30000187
30000186
30000189
30000192
30000195
30000159
30000158
30000157
30000156
30000153
30000155
30000141
30000140
30000139
30000138
30000133
30000132
30000131
30000129
30000154
30000111
30000160
30000127
30000124
30000122
30000090
30000114
30000094
30000089
30000072
30000071
30000070
30000030
24633600
24633212
24626526
24632062
24632028
24626552
24626474
24561047
24560501
24550854
24545266
24486092
24478024
24462702
24462844
24459250
24477946
24462908
24477972
24477892
24461842
24461889
24461810
24459217
24477998
24477919
24459283
24462798
24461778
24459316
24459184
24477757
24385162
24336442
24336673
24334635
24336838
24389180
24371011
24370978
24336719
24336568
24252279
24249470
24211163
24211014
24210028
24211310
24211107
24210251
24210152
24209892
24210740
24210539
24210369
24210837
24210638
24096701
24096660
24073064
24132983
24095844
24073317
24092907
24091965
24095878
24084720
24027324
24027372
24028527
24027582
24027550
24027521
24029301
24027286
24028293
24028559
24029257
23867933
23853941
23852182
23851951
23851358
23853650
23852327
23767458
23768209
23768143
23767308
23767246
23768235
23767704
23767571
23767391
23673706
23673868
23673802
23684447
23673770
23675155
23673834
23684278
23673922
23581654
23564247
23581599
23564110
23563948
23564771
23564672
23519577
23445764
23445732
23432880
23432807
23447045
23432913
23445796
23433056
23448398
23447589
23326735
23404752
23339871
23339951
23340193
23353750
23339919
23308629
23326767
23309201
23309233
23309169
23308946
23326703
23326671
23358246
23214909
23214722
23218510
23214087
23184016
23219264
23219232
23214121
23214008
23131431
23131367
23131500
23130636
23130604
23130570
23131303
23129823
23131335
23130023
23129859
23131532
23131399
23147937
23054918
23054886
23054982
23054950
23053585
23053553
23073445
23073413
23054854
23053650
23073509
22980825
22980369
22980792
22977928
22981380
22980879
22977567
22981275
22978239
22980317
22979107
22888463
22894597
22895300
22894629
22894419
22895167
22887949
22839447
22839175
22838089
22834077
22745450
22717582
22745416
22745318
22745384
22745352
22539555
22539512
22656698
22626602
22626465
22656672
22539599
22461530
22491931
22461689
22473724
22461361
22461113
22454164
22454206
22492310
22409021
22404386
22404237
22404522
22404476
22404282
22404105
22404058
22404434
22404324
22404195
22404152
22266978
22267066
22268718
22267178
22268542
22268500
22267492
22266641
22268676
22267020
22208038
22207487
22207532
22207743
22030429
22060311
22079035
22030329
22051223
22032835
22025726
21959965
21959145
21959073
21958851
21959733
21959322
21958806
21912637
21908099
21904939
21849981
21850023
21908316
21816170
21799409
21796499
21796591
21796545
21796432
21748615
21749035
21740332
21735290
21731337
21744548
21663979
21663385
21663427
21595148
21595329
21669826
21594828
21603337
21593712
21594783
21610932
21632776
21542912
21542960
21542442
21547120
21544791
21542092
21542617
21411462
21338716
21298451
21306123
21306079
21332747
21306245
21338591
21254711
21254475
21256617
21256583
21210014
21203770
21203848
21214783
21121269
21047658
21047616
21047574
21047477
21047519
21052721
20963988
20965456
20963910
20948046
20966525
20966475
20879828
20871916
20871483
20870384
20878154
20784848
20784102
20795121
20795087
20784139
20784802
20668978
20686741
20683548
20669166
20670539
20683514
20673090
20610238
20608791
20449666
20448819
20448696
20448612
20448654
20372868
20353546
20351340
20310428
20319482
20310264
20310306
20265694
20267826
20264358
20265572
20187159
20186991
20202618
20187075
20187033
20141593
20143514
20143458
20141804
20141547
20068409
20069431
20069473
20069516
20018496
20009207
20018533
20015796
19969825
19970817
19947291
19999506
19853005
19900200
19855441
19810672
19810714
19810585
19810756
19804409
19748239
19748049
19748160
16251122
16251009
16251052
16257636
16250533
16249376
16249208
16249152
16195383
16191941
16195289
16189949
16094662
16073275
16011407
16011564
16011609
16015702
16067846
15959286
15955199
15955241
15882871
15867756
15862038
15862072
15816539
15816575
15808041
15803185
15807110
15809391
15809343
15754338
15738918
15738831
15738997
15738875
15669670
15666042
15665460
15666337
15703350
15612448
15612986
15607994
15613053
15612490
15608125
15608541
15561554
15560255
15559673
15561518
15497429
15497230
15497697
15497893
15497472
15445469
15446533
15443263
15443094
15442863
15443389
15442820
15443137
15384534
15384431
15384397
15378759
15378858
15384465
15314290
15314109
15313765
15313854
15314046
15313940
15313810
15313897
15249950
15250454
15255973
15250558
15250404
15250261
15257019
15219456
15218980
15219064
15190863
15191001
15190908
15190602
15167197
15167155
15167281
15167239
15167338
15185340
15136519
15136386
15134475
15165514
15136428
15136344
15105856
15103969
15105822
15105425
15105788
15069661
15072730
15069744
15069696
15062432
15061504
15033686
15033638
15033730
15003167
15003433
15003110
14995257
14967901
14967943
14967859
14936889
14968055
14967985
14937023
14937288
14935015
14935403
14904128
14904466
14905005
14904956
14904302
14867732
14867910
14867668
14867775
14840145
14840102
14840060
14814097
14812797
14813484
14812752
14782512
14784236
14787334
13406441
13384081
13407846
13406349
13381160
13381202
13381505
13381116
13344389
13344184
13311444
13311479
13311363
13311556
13311522
13311591
13277059
13277438
13277288
12037274
12037229
13247636
13247557
13247425
13247601
12037185
12037140
12011115
12011073
12011241
12011199
12011157
12011031
11983847
11983714
11983804
11957883
11957839
11957792
11957749
11957699
11929921
11929816
11929964
11929863
11929572
11937453
11902752
11903697
11903554
11884813
11884495
11884982
11885043
11863390
11863431
11863356
11841982
11842507
11841949
11821474
11821308
11821210
11821516
11799211
11783960
11784256
11784101
10698433
10698382
10681741
10662506
10657271
10630501
10616787
10586690
10586780
10586837
10570471
10570405
10570438
10515476
10515281
10481053
10480771
10481302
10480552
10483420
10445570
10447271
10400600
10166975
10401587
10401684
10375160
10375111
10340743
10340782
10295324
10294948
10294686
10294832
10257845
10257889
10228767
10194887
10228383
10228725
10197135
10194345
10169998
10148023
10148093
10125150
10128004
10097040
10096908
10097167
10096941
10067440
10067407
10067374
10035541
10036033
10035657
10010087
10009937
10010534
10009806
9996175
9996034
9995083
9979802
9979871
9981804
9968066
9965766
9968099
9968291
9968177
9950907
9932568
9932190
9931504
9900678
8608010
8596547
8595266
8594402
8575535
8566974
8542261
8555414
8541677
8519584
8504609
8452300
8452533
8452444
8452591
8447903
8404178
8403565
8404319
8390567
8352252
8346810
7499939
7551539
7557243
7543045
7444686
7507349
7438420
7476932
7438578
7438362
7438308
7444953
7444842
7444810
7438620
7438520
7438470
7438242
7437991
7438137
7437797
