30041383
30035984
30035982
30035856
30035653
30033946
30034743
30032660
30033948
30031882
30034377
30031876
30031874
30034122
30033851
30031880
30033718
30034197
30033712
30033827
30033071
30031770
30033594
30029671
30033566
30028153
30029848
30032492
30031768
30029846
30031764
30030585
30030587
30030583
30031179
30033228
30033211
30033156
30031872
30032782
30031878
30031760
30031985
30033019
30032185
30032991
30031762
30032636
30032638
30032720
30032181
30031535
30032711
30032547
30032563
30031766
30031758
30032697
30031531
30031756
30031987
30029885
30031924
30029883
30032357
30032300
30031836
30031983
30031130
30031533
30031525
30032285
30031136
30031747
30030838
30032178
30031942
30031527
30027272
30031829
30032019
30031980
30027270
30031915
30031919
30031917
30031990
30031989
30031981
30031962
30031568
30031950
30031738
30031934
30031464
30031928
30031887
30030518
30031462
30031458
30030543
30031743
30031346
30031741
30031740
30031140
30031679
30031035
30031033
30031591
30031596
30027260
30031274
30027266
30030345
30029082
30027262
30031507
30031460
30031490
30027268
30031459
30030355
30031037
30031393
30029626
30027258
30027264
30031394
30030505
30031123
30030606
30030797
30031105
30031171
30027715
30031057
30027707
30031207
30030739
30027717
30029682
30024318
30030770
30030299
30027701
30030029
30029983
30027703
30029741
30030446
30030535
30030439
30030570
30030547
30028571
30029687
30028569
30027589
30030343
30027713
30029868
30028567
30029866
30029871
30030153
30027416
30027593
30028911
30029981
30029043
30027955
30029767
30026305
30029398
30029639
30029405
30027953
30029406
30029033
30027951
30029377
30028991
30029382
30029380
30029362
30028814
30029095
30028022
30027414
30028919
30029045
30028737
30028735
30028992
30027963
30028476
30027565
30028720
30028163
30028564
30027402
30027027
30026989
30028271
30028108
30028122
30028032
30027580
30027298
30027751
30026926
30025482
30027585
30027212
30027797
30026516
30027641
30026510
30027596
30027448
30026397
30026395
30026673
30027477
30026649
30027391
30026928
30026281
30026874
30026118
30026866
30026520
30027294
30026823
30027028
30027054
30026360
30026506
30026821
30026099
30026097
30026095
30026617
30025338
30026600
30026184
30026363
30025336
30026073
30026157
30026038
30026101
30025534
30025304
30025302
30025532
30025270
30025530
30025502
30025479
30025389
30025477
30025475
30025258
30024863
30024360
30024358
30025417
30025321
30024970
30025119
30025117
30024995
30024383
30024381
30024963
30024991
30025260
30025300
30025111
30024532
30024972
30025094
30024967
30024896
30025070
30019698
30024900
30024898
30024379
30024997
30025033
30025032
30025001
30024876
30024394
30024809
30024035
30024734
30024594
30024471
30024473
30019376
30019382
30019380
30024444
30024316
30023741
30024459
30024491
30024235
30024445
30019814
30019187
30019374
30019368
30019370
30019366
30019696
30019885
30024230
30024033
30023704
30019185
30024005
30024082
30023685
30023353
30023209
30023284
30023902
30023969
30019342
30019236
30023804
30019883
30023560
30019238
30023355
30023356
30019790
30023302
30023300
30019693
30019348
30018663
30018991
30019353
30019129
30019127
30019231
30019596
30019594
30019350
30018584
30019504
30019470
30018848
30019245
30019040
30019022
30017789
30018481
30017886
30017798
30017796
30017794
30018595
30018569
30018344
30018442
30018426
30018211
30018181
30017053
30018103
30018153
30018082
30018100
30017555
30017557
30018052
30017824
30017454
30016963
30017959
30017458
30017654
30017440
30017936
30017882
30017366
30017442
30017444
30017719
30016294
30017821
30017849
30017846
30017590
30017372
30016292
30017497
30017502
30016288
30017498
30017640
30017356
30017482
30017385
30017437
30017313
30017272
30017311
30017203
30017205
30017033
30017194
30017188
30016997
30017191
30016994
30016793
30016961
30016636
30016813
30016683
30016687
30016811
30016720
30016780
30016670
30016548
30016544
30016546
30016514
30014196
30016542
30016606
30016558
30016398
30016563
30016480
30016354
30016330
30016328
30016325
30016434
30016417
30016412
30016257
30016214
30016350
30016310
30015594
30015395
30016123
30016125
30015985
30016030
30016121
30016006
30016008
30015960
30014860
30016091
30016041
30016064
30016031
30015834
30014867
30015987
30015773
30015413
30014863
30015988
30015421
30015865
30015809
30015815
30015842
30015789
30015807
30015811
30015399
30015813
30015817
30015904
30015655
30013479
30015374
30015702
30015700
30015688
30015684
30015790
30015822
30015597
30015818
30015759
30015657
30015709
30015543
30015415
30013922
30013920
30015724
30015712
30015705
30015410
30015437
30015419
30015682
30015645
30015563
30015681
30014856
30015587
30015575
30015332
30015591
30015489
30015546
30014854
30015576
30015553
30015547
30013918
30015487
30015485
30015254
30015481
30014832
30015447
30015154
30015304
30015144
30015156
30015158
30014769
30015147
30015135
30014899
30014717
30015150
30015117
30014713
30014913
30014611
30015328
30015311
30015293
30014765
30014608
30014767
30015180
30015041
30014602
30014597
30014253
30014606
30015037
30014984
30012406
30014536
30014499
30014732
30014015
30014903
30014505
30014502
30014332
30013482
30014925
30014771
30014753
30014143
30014135
30014141
30014139
30014023
30014025
30014095
30014296
30014524
30013866
30014014
30014202
30014032
30014017
30010795
30013805
30013986
30013984
30013950
30010011
30013737
30013733
30011128
30013590
30013496
30013735
30013584
30013545
30013556
30013145
30012955
30013941
30013582
30013966
30013959
30013002
30013586
30013386
30013166
30013724
30013164
30013696
30010755
30012849
30013668
30013012
30013159
30013157
30013155
30013168
30012747
30012745
30012225
30013170
30012743
30013112
30013109
30012996
30013220
30013213
30013010
30013000
30013387
30013020
30013019
30013018
30012750
30012994
30012835
30012833
30012902
30013017
30013016
30013015
30012573
30013030
30012961
30012960
30012885
30012884
30012851
30012891
30012850
30010058
30012670
30012302
30012138
30012135
30010488
30011947
30011713
30011868
30011252
30012380
30012306
30012304
30010892
30012359
30011943
30011834
30011573
30011482
30011772
30011837
30011590
30011588
30011906
30011903
30012190
30011900
30011513
30012164
30011897
30011417
30011177
30011851
30011421
30012037
30011549
30012038
30011740
30011577
30011197
30011666
30011583
30011532
30010445
30011187
30011397
30011669
30011546
30011106
30011543
30010541
30011109
30011247
30009943
30010499
30010963
30011527
30010898
30011175
30010009
30011269
30011268
30011320
30010415
30011412
30011119
30011010
30010937
30010739
30010908
30010760
30011112
30010985
30011029
30011114
30010297
30011116
30011122
30010364
30011105
30010362
30011015
30011040
30010914
30010833
30010409
30010043
30009696
30010825
30010736
30010917
30009668
30010881
30010146
30010852
30010853
30010546
30010822
30010734
30010521
30010706
30010733
30010516
30010746
30010703
30010674
30010671
30009802
30010519
30010522
30009806
30008758
30010589
30010518
30009648
30010515
30010160
30010544
30010523
30010517
30010524
30010506
30010265
30010503
30010206
30010241
30008583
30010022
30009834
30009710
30009833
30009918
30009478
30010111
30010107
30009826
30010109
30009545
30008812
30009690
30010193
30009476
30009804
30009879
30009875
30008593
30010161
30007718
30010136
30010091
30009699
30009693
30009400
30009991
30009627
30008138
30009974
30009124
30009950
30008756
30009890
30007966
30008754
30008811
30008797
30009398
30009623
30009160
30009058
30008332
30009620
30008585
30009130
30008815
30009707
30009724
30007975
30008798
30009584
30008799
30009424
30009334
30009085
30008081
30008975
30009081
30009257
30009345
30008825
30008824
30009540
30009490
30009479
30008972
30009065
30007788
30009480
30009297
30007749
30007780
30009060
30008785
30009083
30008987
30007729
30009349
30008990
30008981
30009300
30009364
30009005
30008210
30008733
30009380
30008966
30009336
30008999
30008993
30008984
30008978
30009352
30009350
30009301
30008848
30008083
30007742
30009247
30008052
30009038
30009002
30009066
30008589
30008626
30009241
30007954
30008622
30008789
30008624
30008208
30009240
30008638
30008761
30008787
30007969
30008819
30007787
30009200
30008453
30008663
30009071
30009072
30009053
30008644
30009070
30009027
30008635
30009022
30008710
30008633
30008631
30008356
30009021
30008608
30009010
30008618
30009020
30008539
30008205
30008293
30008781
30008620
30008897
30007914
30008614
30008888
30008832
30008891
30008610
30008834
30007771
30008612
30008892
30008809
30008747
30008565
30008802
30008746
30008745
30008742
30008602
30008741
30008475
30007848
30007968
30008258
30007775
30008683
30008351
30008353
30008541
30008564
30007911
30007844
30008550
30008553
30007910
30007768
30008491
30008435
30008004
30008460
30008433
30007786
30007599
30008430
30008410
30008328
30007909
30008329
30007912
30008295
30008316
30008325
30008324
30008323
30008320
30008322
30007913
30008321
30007722
30007993
30008078
30007616
30008079
30008216
30008214
30008075
30008076
30008160
30007728
30008103
30008073
30008107
30008072
30008034
30008037
30008041
30007924
30007626
30007697
30007920
30007861
30007826
30007822
30007821
30007681
30007686
30007694
30007684
30007680
30007685
30007682
30007683
30007563
30007562
30007561
30007519
30007507
30007506
30007502
30007398
30007480
30007473
30007470
30007437
30007461
30007432
30007426
30007430
30007423
30007427
30007422
30007421
30007363
30007406
30007407
30007404
30007390
30007371
30007370
30007362
30007361
30007360
30007320
30007260
30007291
30007290
30007278
30007270
30007273
30007242
30007241
30007211
30007216
30007215
30007212
30007210
30007201
30007194
30007198
30007192
30007190
30007149
30007141
30007135
30007125
30007124
30007130
30007116
30007076
30007075
30007025
30006984
30006917
30006905
30006913
30006909
30006908
30006907
30006893
30006899
30006894
30006862
30006853
30006855
30006829
30006824
30006777
30006745
30006731
30006712
30006734
30006711
30006710
30006692
30006675
30006684
30006657
30006656
30006681
30006658
30006655
30006650
30006619
30006630
30006618
30006617
30006608
30006582
30006572
30006571
30006568
30006564
30006569
30006567
30006565
30006544
30006556
30006515
30006504
30006484
30006485
30006481
30006470
30006455
30006451
30006369
30006437
30006387
30006362
30006338
30006336
30006334
30006325
30006323
30006330
30006317
30006316
30006315
30006312
30006294
30006293
30006260
30006243
30006242
30006209
30006195
30006212
30006177
30006169
30006153
30006148
30006142
30006141
30006136
30006134
30006133
30006135
30006121
30006114
30006108
30006107
30006039
30006038
30006024
30006025
30005977
30005976
30005971
30005965
30005908
30005955
30005932
30005842
30005802
30005768
30005796
30005765
30005791
30005787
30005781
30005761
30005764
30005763
30005772
30005770
30005759
30005758
30005771
30005754
30005753
30005740
30005712
30005723
30005720
30005719
30005718
30005714
30005713
30005710
30005696
30005681
30005657
30005656
30005655
30005653
30005654
30005646
30005641
30005629
30005637
30005638
30005617
30005623
30005621
30005606
30005598
30005582
30005527
30005581
30005578
30005566
30005561
30005562
30005525
30005550
30005554
30005551
30005549
30005548
30005541
30005535
30005530
30005510
30005500
30005499
30005497
30005496
30005436
30005434
30005493
30005491
30005432
30005430
30005454
30005431
30005405
30005403
30005422
30005376
30005374
30005347
30005364
30005362
30005334
30005348
30005329
30005317
30005335
30005331
30005330
30005325
30005318
30005314
30005272
30005310
30005301
30005278
30005262
30005261
30005260
30005277
30005199
30005255
30005249
30005234
30005244
30005224
30005215
30005210
30005209
30005206
30005219
30005191
30005213
30005212
30005211
30005180
30005172
30005201
30005171
30005158
30005161
30005160
30005164
30005157
30005154
30005132
30005120
30005152
30005111
30005148
30005109
30005122
30005121
30005095
30005072
30005071
30005110
30005083
30005048
30005086
30005099
30005078
30005092
30005059
30005100
30005079
30005046
30005045
30005077
30005067
30005066
30005058
30005034
30005084
30005065
30005056
30005052
30005044
30005055
30005042
30005051
30005025
30005032
30005017
30005027
30004990
30005007
30005000
30004986
30004976
30004989
30004963
30004946
30004968
30004938
30004942
30004941
30004943
30004974
30004951
30004935
30004931
30004909
30004902
30004907
30004921
30004908
30004904
30004910
30004842
30004882
30004881
30004870
30004866
30004900
30004880
30004879
30004876
30004865
30004864
30004844
30004899
30004869
30004867
30004855
30004861
30004850
30004839
30004838
30004837
30004825
30004827
30004813
30004812
30004805
30004803
30004814
30004810
30004808
30004807
30004826
30004801
30004800
30004799
30004798
30004789
30004797
30004767
30004764
30004737
30004727
30004769
30004768
30004743
30004778
30004776
30004760
30004766
30004772
30004755
30004761
30004721
30004758
30004713
30004722
30004718
30004697
30004696
30004736
30004716
30004715
30004735
30004734
30004733
30004732
30004731
30004673
30004724
30004723
30004677
30004676
30004659
30004637
30004600
30004633
30004674
30004671
30004621
30004603
30004602
30004632
30004612
30004611
30004610
30004580
30004538
30004537
30004536
30004531
30004526
30004530
30004512
30004497
30004513
30004515
30004491
30004510
30004517
30004496
30004489
30004488
30004487
30004479
30004481
30004482
30004480
30004493
30004490
30004495
30004469
30004468
30004467
30004474
30004447
30004455
30004442
30004458
30004457
30004420
30004424
30004416
30004415
30004414
30004439
30004429
30004411
30004398
30004390
30004392
30004387
30004386
30004399
30004365
30004356
30004349
30004355
30004366
30004342
30004328
30004323
30004321
30004320
30004305
30004304
30004325
30004296
30004300
30004292
30004303
30004281
30004276
30004284
30004270
30004266
30004265
30004260
30004280
30004199
30004231
30004222
30004215
30004250
30004214
30004213
30004212
30004211
30004201
30004205
30004204
30004224
30004200
30004185
30004194
30004218
30004210
30004225
30004220
30004190
30004110
30004192
30004191
30004173
30004172
30004189
30004188
30004160
30004136
30004145
30004142
30004149
30004113
30004170
30004171
30004071
30004074
30004061
30004067
30004032
30004021
30004022
30004020
30004015
30004018
30004000
30004010
30003999
30003997
30003996
30003992
30003991
30003987
30004047
30003979
30003986
30003982
30003981
30004007
30003971
30003970
30003915
30003956
30003975
30003957
30003913
30003912
30003936
30003906
30003932
30003931
30003940
30003908
30003907
30003850
30003903
30003899
30003856
30003881
30003872
30003870
30003869
30003863
30003862
30003857
30003852
30003851
30003874
30003834
30003832
30003854
30003855
30003784
30003928
30003822
30003820
30003795
30003807
30003806
30003801
30003800
30003797
30003796
30003793
30003792
30003783
30003721
30003757
30003675
30003730
30003804
30003753
30003671
30003690
30003689
30003688
30003684
30003702
30003701
30003700
30003640
30003660
30003605
30003608
30003575
30003602
30003586
30003584
30003581
30003580
30003572
30003571
30003566
30003545
30003544
30003518
30003527
30003502
30003522
30003523
30003482
30003512
30003511
30003510
30003503
30003486
30003484
30003466
30003464
30003465
30003452
30003451
30003441
30003433
30003425
30003424
30003408
30003355
30003453
30003405
30003373
30003372
30003383
30003341
30003295
30003294
30003291
30003290
30003273
30003270
30003269
30003267
30003264
30003221
30003234
30003226
30003195
30003180
30003206
30003204
30003203
30003202
30003201
30003200
30003199
30003197
30003196
30003160
30003140
30003135
30003134
30003133
30003132
30003131
30003130
30003128
30003090
30003081
30003058
30003089
30003088
30003087
30003086
30003082
30003080
30003098
30003056
30003054
30003035
30003055
30003053
30003011
30002948
30002972
30003022
30002988
30003017
30003015
30003014
30003013
30003012
30002985
30002984
30002971
30002954
30002963
30002962
30002961
30002953
30002952
30002950
30002949
30002934
30002926
30002913
30002894
30002917
30002916
30002889
30002892
30002886
30002890
30002885
30002883
30002882
30002880
30002879
30002878
30002876
30002667
30002864
30002863
30002862
30002884
30002851
30002850
30002849
30002841
30002827
30002856
30002824
30002845
30002844
30002840
30002839
30002823
30002689
30002818
30002819
30002821
30002820
30002816
30002817
30002809
30002683
30002682
30002813
30002812
30002811
30002810
30002807
30002806
30002796
30002685
30002684
30002680
30002669
30002668
30002666
30002778
30002777
30002758
30002755
30002793
30002781
30002749
30002733
30002732
30002731
30002730
30002728
30002726
30002721
30002694
30002691
30002690
30002723
30002722
30002696
30002716
30002671
30002718
30002717
30002715
30002713
30002712
30002707
30002695
30002693
30002687
30002686
30002665
30002636
30002648
30002629
30002627
30002626
30002625
30002647
30002567
30002615
30002614
30002613
30002612
30002562
30002600
30002595
30002575
30002574
30002572
30002515
30002560
30002536
30002531
30002530
30002525
30002537
30002535
30002527
30002526
30002524
30002523
30002556
30002555
30002553
30002484
30002497
30002496
30002495
30002494
30002483
30002472
30002429
30002462
30002459
30002427
30002454
30002452
30002451
30002450
30002449
30002447
30002446
30002444
30002443
30002440
30002439
30002441
30002438
30002437
30002436
30002425
30002339
30002337
30002369
30002360
30002359
30002367
30002372
30002336
30002368
30002366
30002365
30002364
30002363
30002362
30002361
30002358
30002350
30002330
30002296
30002314
30002311
30002295
30002293
30002292
30002291
30002289
30002288
30002287
30002286
30002284
30002230
30002241
30002240
30002210
30002209
30002204
30002203
30002202
30002201
30002200
30002198
30002179
30002177
30002173
30002139
30002135
30002174
30002172
30002185
30002184
30002181
30002171
30002170
30002154
30002153
30002152
30002151
30002137
30002136
30002134
30002133
30002085
30002110
30002106
30002089
30002088
30002087
30002086
30002084
30002071
30002062
30002065
30002054
30002050
30002047
30002048
30002046
30002045
30002044
30002052
30002020
30002002
30002001
30002010
30002000
30001998
30001997
30001975
30001983
30001982
30001969
30001968
30001967
30001966
30001965
30001964
30001963
30001957
30001955
30001954
30001952
30001950
30001949
30001948
30001947
30001930
30001956
30001924
30001890
30001887
30001910
30001909
30001908
30001907
30001891
30001889
30001888
30001886
30001885
30001884
30001921
30001875
30001868
30001873
30001848
30001847
30001840
30001799
30001853
30001852
30001839
30001838
30001851
30001786
30001798
30001797
30001831
30001830
30001829
30001828
30001827
30001795
30001805
30001804
30001802
30001788
30001787
30001784
30001803
30001801
30001800
30001785
30001758
30001770
30001765
30001764
30001763
30001762
30001751
30001750
30001749
30001747
30001744
30001743
30001742
30001739
30001735
30001730
30001753
30001706
30001704
30001732
30001686
30001710
30001709
30001708
30001707
30001703
30001702
30001701
30001715
30001714
30001713
30001711
30001705
30001664
30001663
30001656
30001655
30001654
30001653
30001646
30001640
30001638
30001637
30001636
30001634
30001632
30001662
30001661
30001619
30001617
30001615
30001585
30001605
30001611
30001610
30001608
30001607
30001606
30001604
30001581
30001580
30001552
30001550
30001524
30001522
30001521
30001520
30001509
30001497
30001495
30001507
30001496
30001465
30001461
30001460
30001459
30001458
30001457
30001456
30001455
30001467
30001498
30001417
30001416
30001415
30001414
30001413
30001412
30001411
30001410
30001409
30001408
30001407
30001406
30001405
30001393
30001366
30001365
30001361
30001354
30001363
30001339
30001362
30001351
30001349
30001348
30001347
30001327
30001335
30001301
30001331
30001323
30001320
30001319
30001318
30001332
30001270
30001260
30001217
30001230
30001219
30001224
30001215
30001209
30001222
30001221
30001214
30001206
30001191
30001190
30001133
30001212
30001193
30001179
30001177
30001172
30001132
30001165
30001149
30001159
30001155
30001153
30001148
30001147
30001146
30001145
30001152
30001121
30001113
30001085
30001116
30001084
30001092
30001086
30001096
30001095
30001094
30001093
30001091
30001090
30001088
30001079
30001054
30001080
30001070
30001048
30001047
30001044
30001043
30001042
30001000
30001001
30000999
30000997
30000996
30000995
30000994
30000993
30000985
30000936
30000946
30000937
30000933
30000932
30000931
30000930
30000962
30000961
30000960
30000893
30000872
30000891
30000890
30000874
30000873
30000851
30000800
30000809
30000810
30000811
30000803
30000802
30000801
30000798
30000797
30000796
30000769
30000781
30000764
30000719
30000750
30000749
30000748
30000747
30000752
30000732
30000731
30000730
30000729
30000728
30000722
30000720
30000710
30000698
30000697
30000679
30000678
30000677
30000676
30000675
30000674
30000673
30000723
30000670
30000650
30000622
30000627
30000609
30000626
30000625
30000623
30000621
30000607
30000595
30000579
30000578
30000592
30000591
30000590
30000589
30000588
30000537
30000544
30000555
30000554
30000538
30000535
30000534
30000532
30000530
30000527
30000504
30000508
30000506
30000505
30000503
30000502
30000500
30000499
30000498
30000497
30000496
30000495
30000456
30000457
30000437
30000434
30000452
30000451
30000450
30000449
30000448
30000447
30000446
30000445
30000444
30000443
30000440
30000435
30000433
30000432
30000430
30000407
30000405
30000410
30000399
30000398
30000397
30000396
30000395
30000394
30000393
30000380
30000278
30000280
30000276
30000275
30000274
30000273
30000227
30000241
30000260
30000254
30000246
30000243
30000237
30000235
30000231
30000229
30000206
30000203
30000216
30000215
30000208
30000205
30000204
30000201
30000199
30000198
30000197
30000185
30000184
30000172
30000171
30000162
30000161
30000150
30000149
30000148
30000145
30000144
30000143
30000142
30000104
30000100
30000103
30000099
30000098
24550930
24539129
24538999
24626449
24554792
24539155
24539103
24539077
24539051
24539025
24538973
24538947
24538921
24538895
24538869
24530984
24447510
24447588
24447536
24477846
24479297
24479323
24448253
24480214
24477821
24388398
24331153
24311094
24311049
24311120
24310944
24385906
24385880
24311023
24206684
24189792
24189944
24189896
24189870
24189818
24206645
24189844
24137517
24083437
24083255
24130094
24083359
24089332
24083411
24083385
24083281
24130067
24083307
24083333
24039084
24018825
24018877
23995546
24006595
24018851
24006569
23995520
23854485
23854511
23854433
23854407
23994294
23839745
23759161
23759106
23759080
23758976
23855227
23758898
23758872
23759054
23759002
23758924
23758846
23759028
23758950
23689310
23701948
23701922
23701853
23673578
23673500
23673474
23674240
23673604
23673552
23673448
23673526
23522117
23581010
23522042
23522016
23521912
23521886
23522091
23521990
23586054
23586126
23521964
23521938
23494463
23419969
23420047
23420284
23420152
23420257
23420204
23420100
23420073
23420021
23419995
23420230
23420178
23420126
23308476
23308528
23308346
23308502
23308398
23308372
23308450
23308424
23353780
23330297
23231807
23211266
23211239
23210803
23220086
23213064
23212451
23212171
23211021
23211674
23130867
23130840
23130798
23130772
23130745
23139012
23123337
23054129
23054052
23073242
22990679
22979002
22978898
22978976
22978950
22979028
22893103
22922852
22894193
22888801
22923079
22893849
22893591
22893342
22847379
22847631
22847501
22847318
22826649
22827055
22826780
22826624
22826702
22826754
22826676
22826728
22777356
22715068
22764001
22743981
22715121
22715173
22714989
22715015
22715041
22715147
22715095
22764150
22527981
22527673
22659558
22528049
22528015
22660356
22527787
22527753
22527719
22461050
22454558
22493892
22491482
22408583
22409073
22408529
22387123
22410763
22386965
22354582
22282308
22266587
22266515
22266480
22266446
22266382
22101294
22101362
22101328
22101226
22209063
22101498
22101156
22050881
22034201
22016038
22016106
22016072
21978818
21957309
21957238
21957571
21978852
21957272
21991122
21874065
21874030
21873990
21904990
21822658
21816245
21777768
21777734
21777644
21799810
21777679
21816206
21767786
21730932
21728762
21730966
21731000
21700905
21657358
21663097
21657411
21657449
21593869
21617946
21593979
21504351
21505040
21505247
21504268
21504227
21409319
21409252
21409285
21298343
21298377
21298488
21305732
21298522
21298309
21263891
21249727
21249652
21249692
21255276
21202945
21202911
21118571
21118537
21157610
21118605
21118500
21036881
21036774
21036740
21036915
21036847
21036813
20948251
20948353
20957474
20949395
20948285
20869725
20869691
20869656
20869816
20783988
20784031
20800803
20795155
20784069
20683670
20668553
20615352
20608728
20668622
20668588
20610128
20556903
20610162
20451993
20432266
20432368
20432300
20353408
20391983
20353363
20353510
20353587
20353476
20371256
20325039
20315691
20315725
20265431
20265394
20265360
20265465
20186949
20186773
20186915
20140970
20141005
20111933
20067998
20067962
20067928
20026451
20007822
20007689
20007655
20007723
20055272
19970778
19946038
19946106
19946004
19855000
19855034
19902859
19852154
19804549
19804515
19804478
19814626
19756854
19748116
19768194
19747578
19749197
19748081
19777191
16245925
16245857
16195691
16249002
16248522
16248601
16189883
16189849
16189815
16198007
16070784
16070712
16010951
16017436
16017950
16011019
16010985
16014361
16011136
16011057
16011102
15959651
15928415
15959616
15928483
15928382
15869616
15853446
15853378
15852386
15853412
15865966
15852687
15803018
15802880
15809710
15802950
15802913
15809676
15753811
15753636
15739032
15753602
15738953
15727611
15753683
15664131
15664040
15664178
15672717
15664088
15711137
15607879
15607744
15607845
15561624
15560336
15560370
15560475
15560292
15498242
15498173
15498036
15498207
15498071
15445503
15445639
15445537
15445673
15445571
15378136
15377883
15378437
15313012
15312909
15312837
15312977
15312943
15251436
15251281
15251402
15256125
15251316
15251238
15218596
15218493
15218561
15218527
15190494
15190426
15190460
15165674
15165745
15165711
15134166
15134097
15134132
15138675
15105548
15103387
15103317
15103351
15068142
15068176
15068108
15068074
15074029
15072822
15032209
15032833
15032249
15032305
15033079
15033318
14992212
14992045
14992011
14992178
14992280
14958698
14958773
14958739
14954821
14927339
14927407
14927373
14927475
14927441
14893910
14893978
14893944
14856049
14856015
14856083
14856333
14855981
14828510
14828544
14830162
14807548
14805896
14805931
14805965
14805859
14776275
14778535
14775627
13405246
13405349
13405457
13405315
13370582
13400104
13388938
13388904
13370514
13370548
13356213
13356179
13332101
13332178
13332064
13300624
13300588
13300517
13301156
13300658
13264388
13264354
13264286
13264320
12034883
12034781
12034849
12034951
12034917
12034815
12002822
12002788
12002754
12002856
11975581
11975649
11975615
11948992
11948892
11948926
11918304
11918337
11918271
11918238
11894688
11894721
11878914
11878982
11854719
11854752
11835675
11816225
11794739
11796390
11794805
11794838
11794772
11777675
11777522
10693476
10674934
10674901
10674852
10648833
10648866
10648781
10607792
10607750
10607714
10579205
10578357
10556601
10556637
10533508
10469564
10471412
10469229
10469774
10469145
10433811
10433753
10434158
10433711
10393742
10216461
10393709
10393670
10360618
10360462
10360685
10360495
10326630
10326598
10326562
10277253
10277216
10277031
10276985
10250407
10250456
10250375
10216309
10186066
10218800
10216342
10186475
10184233
10184096
10183859
10161045
10161111
10161078
10140222
10143611
10142156
10141072
10117808
10116826
10120297
10116261
10089098
10089001
10089066
10090088
10054966
10024174
10055207
10057937
9989681
10025050
10024133
10003877
9990033
9961297
9961330
9961264
9963167
9944077
9943466
9910806
9909457
8567503
8604384
8604069
8587388
8567435
8567403
8567549
8551481
8362894
8551437
8440312
8530315
8513570
8513506
8476841
8406945
8477069
8456013
8455181
8456657
8456690
8425467
8406823
8406969
8395967
8358021
8368100
8350661
7586245
8346976
7550940
7571460
7530221
7514431
7439124
7468853
7487869
7514501
7439782
7491951
7470293
7438793
7469408
7469202
7439266
7439447
7439947
7439701
7439609
7440043
7439856
7439356
7438957
7439530
7438859
