30116520
30112815
30114809
30113019
30114286
30092303
30113074
30113073
30112653
30112412
30112411
30112410
30112409
30111358
30111695
30111694
30111693
30111692
30110632
30110013
30110012
30110011
30110010
30107461
30103825
30104784
30099956
30103195
30096611
30094205
30103145
30098928
30101930
30101700
30099707
30100149
30096444
30095825
30095824
30095823
30095821
30092166
30094383
30088355
30091712
30092483
30089301
30088735
30089234
30087723
30089008
30086998
30087004
30085346
30086997
30086139
30076905
30053261
30053242
30053259
30053260
30053152
30053240
30048348
30047265
30047159
30040820
30045704
30042292
30034400
30042883
30036106
30039594
30036176
30035960
30035836
30034479
30034034
30033953
30033865
30032577
30031038
30030842
30030167
30028312
30027763
30028223
30026235
30026234
30026431
30026434
30026433
30026432
30026233
30026040
30026232
