30120953
30120959
30120749
30120709
30120523
30120030
30119944
30119771
30119893
30119651
30119401
30119393
30119331
30119392
30119315
30119201
30116756
30119188
30119060
30119054
30119018
30118977
30118975
30118873
30118872
30118870
30117927
30118683
30118653
30118642
30118530
30118371
30118310
30118284
30118281
30118241
30118158
30117975
30117966
30117883
30117865
30117693
30117679
30117677
30117678
30117628
30117626
30117554
30117549
30117411
30117604
30117419
30117420
30117417
30117421
30117413
30117418
30117415
30117231
30117228
30117192
30117102
30116827
30116822
30116788
30116728
30116508
30116632
30116609
30116497
30114988
30116245
30116259
30115951
30115718
30115717
30115716
30115760
30115736
30115584
30115520
30115514
30115511
30115544
30115332
30115331
30115206
30115205
30115099
30113370
30114837
30115954
30114792
30114791
30114926
30114672
30114920
30114918
30114919
30114870
30113944
30114730
30114675
30115261
30114555
30114311
30113508
30113935
30113943
30113681
30113513
30113494
30113492
30113425
30113381
30113369
30113254
30113148
30113096
30113032
30113057
30112913
30112932
30112856
30112832
30112673
30112661
30112636
30112635
30112633
30112631
30112600
30112510
30112509
30112524
30112477
30112454
30112320
30112601
30112560
30112200
30112185
30112187
30112119
30112117
30111812
30111699
30111622
30111546
30111486
30111432
30111348
30111401
30111356
30111327
30111133
30111108
30110986
30110921
30110633
30110615
30111107
30109948
30109902
30109423
30109422
30109402
30109391
30109380
30109319
30109255
30109083
30109089
30108868
30108867
30108609
30109813
30108441
30108163
30107926
30107530
30107353
30106508
30106195
30106140
30106139
30106100
30106069
30105911
30105882
30105755
30105869
30105642
30105640
30105868
30105575
30105413
30105871
30105407
30103371
30105085
30105084
30105081
30105083
30105082
30105078
30105064
30105063
30105046
30103497
30104897
30104831
30104823
30104822
30104821
30104819
30104818
30104739
30105069
30104647
30105278
30104622
30104828
30104618
30104617
30104616
30104492
30104491
30104489
30104424
30104410
30104408
30104242
30104353
30104300
30104249
30104425
30104176
30104202
30104203
30104201
30103986
30104629
30104632
30104171
30104195
30104161
30104152
30104135
30104136
30104134
30103958
30103921
30103277
30103963
30103817
30103818
30103819
30103753
30099184
30103426
30103276
30103275
30103274
30103770
30103191
30103165
30103143
30103087
30101492
30101466
30103075
30103189
30102127
30101981
30101976
30101847
30101750
30101630
30101629
30101362
30101623
30101621
30101433
30101310
30101211
30101124
30101528
30101526
30101524
30101523
30100621
30100620
30100514
30100354
30099337
30100059
30100349
30099711
30099511
30099767
30099211
30099297
30099294
30099162
30099158
30099123
30099190
30083263
30098791
30098701
30098526
30098652
30098091
30098090
30099192
30099191
30096509
30099182
30099181
30099129
30099127
30098980
30099040
30098275
30098144
30097975
30097899
30097820
30097819
30097818
30097817
30097816
30098339
30098238
30097730
30097756
30097331
30097314
30096512
30096507
30096591
30096515
30096468
30096431
30096414
30095935
30095901
30095822
30097728
30095703
30095687
30095559
30095558
30095557
30095556
30095554
30095553
30095551
30095552
30095546
30095596
30095563
30095550
30095549
30095514
30095498
30095466
30095394
30095373
30095272
30095270
30095173
30095109
30095106
30095105
30095004
30095006
30095005
30095130
30094664
30094663
30094661
30094980
30094657
30094649
30094583
30094534
30094462
30094247
30094216
30094113
30094095
30094001
30093946
30093923
30093924
30093823
30093817
30093802
30093711
30093610
30093475
30093590
30093414
30093329
30093251
30093183
30093838
30093107
30093043
30093231
30092990
30092902
30092875
30092657
30090257
30090256
30092759
30092665
30092851
30092289
30092304
30092040
30092207
30092073
30092074
30092039
30091957
30092330
30092509
30091748
30089868
30091674
30091706
30091621
30091414
30091275
30091243
30091193
30091192
30091094
30091074
30091014
30091067
30090922
30090911
30090870
30090892
30090890
30090889
30090891
30090888
30090884
30090887
30090885
30090819
30090755
30090720
30090692
30090695
30090693
30090511
30088960
30090513
30090364
30090401
30090377
30090281
30090213
30090210
30090212
30090209
30090208
30090206
30090204
30090605
30090167
30090168
30090053
30090056
30089841
30088971
30089708
30089700
30089705
30089478
30089484
30090255
30089229
30089228
30089095
30089018
30089011
30088993
30089000
30089968
30089952
30088961
30089965
30089964
30089963
30089856
30089860
30089859
30089857
30088894
30089045
30088832
30089311
30088817
30089060
30088714
30089310
30089309
30089308
30089307
30088775
30088679
30088680
30088606
30089036
30089037
30088499
30088494
30088591
30088683
30088453
30088321
30088320
30088319
30088315
30088021
30088785
30088185
30088168
30088145
30088622
30088621
30088613
30088615
30088616
30088617
30088610
30088063
30088038
30087876
30087963
30087493
30087923
30087922
30087928
30087929
30088485
30087854
30087767
30087816
30088197
30088195
30088196
30088194
30088356
30087249
30087738
30088163
30087596
30087587
30087539
30087574
30087244
30087528
30087518
30087874
30087875
30087917
30087680
30087105
30087076
30084560
30087052
30086941
30086902
30086494
30085666
30086738
30086602
30087675
30087674
30087673
30087672
30087660
30087659
30087658
30087657
30087654
30087653
30087652
30087651
30087649
30087648
30086582
30087567
30086533
30086532
30086547
30086793
30087123
30086428
30087120
30087118
30087116
30087110
30086362
30078144
30086491
30087016
30086241
30086940
30086013
30086939
30085681
30085913
30085812
30083986
30083985
30086799
30086729
30085791
30086179
30086696
30085794
30085803
30085756
30086382
30086640
30086639
30086632
30086630
30085638
30086581
30086580
30086579
30086578
30086577
30086576
30086575
30085656
30085643
30084860
30085642
30086525
30085518
30085488
30085491
30085133
30086485
30086484
30086483
30086482
30086481
30086480
30085395
30085394
30084213
30085678
30086390
30086261
30085299
30085291
30085173
30086314
30085486
30085188
30086142
30086047
30086043
30085893
30086011
30086005
30086004
30085128
30085059
30084847
30085489
30085632
30085544
30084669
30085398
30085399
30085521
30085520
30085519
30085507
30085393
30084642
30085383
30085365
30085347
30084623
30084589
30084386
30084573
30085297
30085232
30085274
30084561
30084273
30084191
30085049
30084057
30084996
30084859
30084799
30083916
30083876
30083758
30083737
30083578
30084631
30083506
30083503
30083501
30083482
30084572
30084571
30084570
30084569
30082443
30083031
30083366
30084524
30083379
30084193
30084443
30084447
30083351
30084272
30083236
30083918
30084119
30083313
30083314
30083642
30084159
30083315
30083989
30083990
30083120
30082942
30083089
30082922
30083047
30083046
30083022
30082910
30083908
30083906
30083904
30083909
30083910
30083907
30083905
30083891
30082759
30082484
30082437
30082425
30083258
30082422
30083523
30083513
30083517
30083514
30083519
30083518
30083516
30083515
30083512
30083510
30083411
30083437
30082325
30083383
30083382
30083378
30083376
30082305
30081357
30081346
30083238
30080968
30083032
30082593
30083009
30082769
30082901
30082827
30081343
30082488
30080549
30080544
30082495
30082489
30082487
30082486
30080537
30080400
30079753
30079984
30079983
30079982
30079859
30079858
30082304
30079848
30079856
30080518
30079794
30078674
30081305
30081348
30081347
30081345
30081344
30081001
30081236
30079754
30080988
30079613
30079598
30079560
30079562
30079213
30080704
30079183
30079182
30080550
30080548
30080547
30080262
30079624
30075486
30079817
30079816
30079815
30078746
30078635
30078634
30079609
30075491
30078559
30078557
30078560
30078556
30078550
30079440
30079441
30079465
30079464
30079463
30079437
30079435
30079434
30078578
30075487
30078495
30079181
30079180
30078844
30079037
30078956
30078939
30078116
30078115
30077766
30078576
30078642
30078640
30078089
30078575
30078577
30077909
30077887
30077900
30077052
30077850
30077076
30074801
30078466
30078465
30078217
30077594
30077388
30077403
30077412
30077384
30077356
30077201
30077310
30077392
30077344
30077303
30077742
30077297
30077924
30077904
30071192
30077398
30076636
30076876
30077495
30077494
30077454
30077338
30077376
30077373
30077339
30077336
30077156
30075851
30075884
30076691
30075672
30075410
30076487
30076443
30074927
30075306
30075200
30075198
30074964
30074772
30075494
30075490
30075508
30075507
30075505
30075503
30075502
30075500
30075501
30075499
30075498
30075497
30075496
30075495
30075492
30075493
30073257
30073238
30075253
30074588
30074566
30074565
30075202
30075201
30075197
30075194
30074776
30073261
30073256
30074505
30074296
30074294
30074771
30074767
30072506
30074606
30072931
30073121
30074684
30074687
30074686
30074685
30074683
30074681
30074611
30074675
30074609
30074608
30074653
30073892
30074310
30074034
30073820
30074268
30073751
30073737
30073735
30073736
30073716
30073713
30073605
30073604
30072559
30073460
30073456
30074061
30073815
30073816
30072842
30073806
30073199
30073194
30073122
30073123
30073043
30072954
30073011
30073007
30072995
30072949
30072728
30073107
30073075
30073275
30071188
30072636
30072642
30072632
30072494
30072471
30072438
30072750
30072349
30071945
30072284
30072182
30072185
30072119
30072117
30072596
30072069
30072067
30072126
30071987
30071675
30071616
30070707
30071658
30071533
30072215
30071568
30072181
30072180
30072175
30071535
30071172
30071274
30071290
30071297
30071287
30071249
30071233
30071175
30070708
30070706
30071171
30070998
30070873
30070612
30070548
30070496
30070960
30070230
30070070
30070641
30069768
30069806
30069757
30069734
30070014
30068942
30068498
30069605
30068755
30068689
30068354
30068523
30068522
30069179
30069142
30069112
30069106
30068405
30068312
30068301
30068107
30068116
30068117
30068608
30068604
30068104
30068585
30067950
30068247
30068240
30068039
30068017
30067620
30068431
30067858
30064036
30068215
30067746
30068121
30067721
30067328
30067688
30068012
30067955
30067443
30067402
30067390
30067344
30067327
30067326
30067793
30067123
30067657
30067649
30067128
30067050
30066985
30066708
30066967
30066713
30067418
30066814
30066712
30066881
30066709
30066710
30066841
30066809
30066801
30066682
30066631
30067246
30066606
30066590
30067150
30067145
30066540
30066424
30066536
30066535
30066534
30066402
30066276
30066271
30066644
30066267
30066266
30066218
30066651
30066647
30066646
30066645
30066177
30066176
30066159
30066120
30066135
30066126
30066124
30066121
30066123
30066016
30064975
30065876
30065696
30066201
30066181
30065704
30066113
30066063
30066061
30066060
30066057
30066056
30066055
30066054
30066053
30066052
30066051
30066050
30066049
30066048
30066047
30066046
30066045
30066044
30066043
30066041
30066040
30066039
30066038
30066037
30066036
30066035
30066034
30066033
30066032
30065512
30065694
30065670
30065652
30065643
30065894
30065357
30065480
30065505
30065321
30065474
30065418
30065261
30065257
30065237
30065151
30065157
30065156
30065059
30065058
30065048
30065047
30065006
30065008
30064989
30064942
30065209
30064816
30064823
30064753
30064760
30064759
30064733
30064730
30064695
30064638
30064640
30064639
30064626
30064616
30064547
30064537
30064536
30064535
30064509
30064650
30064501
30064500
30064699
30064480
30064406
30064343
30064405
30063847
30064323
30064331
30064512
30064296
30064418
30064400
30064399
30064167
30064335
30064334
30063948
30063897
30063934
30063880
30063912
30063829
30063827
30063807
30063802
30063487
30064064
30063883
30063882
30064026
30064016
30064015
30064013
30064011
30064010
30063999
30063998
30063584
30063790
30063533
30063579
30063712
30063816
30063813
30063467
30063432
30063399
30063708
30063707
30063706
30063705
30063704
30063703
30063221
30063639
30059518
30063565
30063315
30063220
30063137
30062431
30063345
30063387
30063386
30063385
30063384
30063383
30063354
30063086
30063082
30063080
30063074
30062949
30062936
30062475
30062474
30062476
30059520
30059519
30059516
30059517
30063034
30063033
30063032
30063031
30059512
30059513
30059514
30059515
30062838
30062768
30062807
30062970
30062106
30062103
30062104
30062056
30062059
30062058
30062057
30062718
30062895
30062686
30062886
30062680
30062678
30062867
30062864
30062585
30062817
30062546
30062512
30062502
30062693
30062692
30062691
30062690
30062481
30062562
30062550
30062321
30062499
30062172
30062484
30062463
30062419
30061852
30062097
30062098
30062099
30062100
30062101
30062102
30061157
30061160
30061158
30061817
30061813
30061941
30061944
30061943
30061795
30061656
30061800
30061549
30060761
30061084
30061447
30061340
30061330
30061241
30061755
30060694
30060693
30060697
30060696
30060695
30061170
30061082
30061538
30061539
30060231
30061532
30061518
30061367
30061085
30061083
30061081
30060594
30060592
30060597
30060596
30060595
30060593
30061071
30061070
30061060
30061059
30061331
30060983
30060972
30060929
30060905
30060904
30060906
30060903
30060902
30060901
30061086
30060895
30060882
30060840
30060832
30060702
30060687
30060690
30060659
30060574
30060460
30060586
30060585
30060575
30060571
30060837
30060555
30060541
30060526
30060524
30060522
30060508
30060481
30060647
30060425
30060416
30060415
30060359
30060324
30060323
30060369
30060540
30060539
30060301
30060269
30060239
30060396
30060395
30060122
30060071
30060043
30060236
30059971
30059969
30059603
30059611
30059610
30059609
30059607
30059604
30059601
30059600
30059608
30059957
30059955
30059934
30059920
30059549
30059903
30059875
30059869
30059952
30059909
30059815
30059764
30059723
30059716
30059622
30059629
30059717
30059510
30059492
30059489
30059430
30059063
30059061
30059057
30059062
30059369
30059340
30059314
30059252
30059106
30059241
30059176
30059159
30059069
30058927
30058933
30058991
30058974
30058923
30058908
30058879
30058835
30058829
30058637
30058560
30058611
30058571
30058568
30058484
30058483
30058482
30058361
30058360
30058359
30058358
30058442
30058438
30058424
30058411
30058410
30058326
30058321
30058320
30058312
30058283
30058265
30058227
30058224
30058209
30058208
30058207
30058206
30058205
30058136
30058121
30058123
30058137
30058130
30058126
30058128
30058129
30058127
30058022
30057831
30057884
30057824
30057375
30057828
30057826
30057830
30057791
30057778
30057768
30057531
30057525
30057517
30057441
30057440
30057437
30057455
30057436
30057442
30057699
30057665
30057408
30057376
30057344
30057334
30057621
30057609
30057289
30057285
30057284
30057287
30057286
30057288
30057579
30057577
30057580
30057581
30057243
30057557
30057556
30057235
30057220
30057203
30057208
30057205
30057200
30057176
30057161
30057106
30057104
30057098
30057097
30057093
30057089
30057041
30056972
30056973
30056957
30056958
30056959
30056960
30056961
30056962
30056936
30056937
30056934
30056906
30056905
30056873
30056891
30056890
30056872
30056862
30056830
30056829
30056755
30056751
30056750
30056749
30056748
30056735
30056747
30056737
30056375
30056728
30056381
30056655
30056479
30056640
30056639
30056597
30056583
30056543
30056533
30056502
30056501
30056475
30056409
30056407
30056399
30056392
30056380
30056364
30056356
30056329
30056328
30056295
30056276
30056277
30056183
30056241
30056224
30056201
30056175
30056173
30056161
30056160
30056156
30056159
30056158
30056155
30056154
30056137
30056133
30056131
30056092
30056090
30056070
30056013
30055999
30056153
30056151
30055990
30055987
30055982
30055975
30055956
30055952
30055836
30055945
30055932
30055927
30055923
30055895
30055910
30055886
30055884
30056068
30055759
30055872
30055870
30055837
30055831
30055829
30055823
30055822
30055962
30055800
30055948
30055788
30055776
30055753
30055712
30055740
30055728
30055709
30055724
30055719
30055684
30055675
30055878
30055668
30055666
30055658
30055656
30055651
30055650
30055487
30055638
30055634
30055620
30055820
30055598
30055591
30055586
30055579
30055577
30055727
30055549
30055530
30055529
30055528
30055521
30055511
30055507
30055501
30055407
30055499
30055664
30055659
30055468
30055464
30055462
30055457
30055454
30055455
30055451
30055446
30055427
30055426
30055424
30055406
30055403
30055399
30055395
30055391
30055388
30055382
30055381
30055380
30055365
30055264
30055368
30055369
30055370
30055386
30055367
30055366
30055363
30055361
30055356
30055212
30055302
30055292
30055296
30055294
30055293
30055289
30055287
30053092
30055271
30055270
30055260
30055259
30055449
30055231
30055219
30055208
30055202
30055200
30055197
30055196
30055194
30055195
30055193
30055190
30055181
30055178
30055132
30055167
30055168
30055116
30055109
30055100
30055095
30055098
30055097
30055094
30055092
30055091
30055089
30055078
30055055
30055072
30055066
30055065
30055063
30055046
30055059
30055035
30055053
30055049
30055045
30055022
30055021
30055038
30055023
30055020
30055011
30055118
30055121
30055119
30055007
30055006
30055004
30055003
30054988
30054985
30054762
30054979
30054972
30054971
30054970
30054965
30054962
30054945
30054960
30054952
30054948
30054947
30054939
30054943
30054942
30054941
30054944
30054940
30054936
30054933
30054929
30054927
30054921
30054920
30054919
30054917
30054914
30054913
30054912
30054547
30054902
30054899
30054898
30054897
30054892
30054889
30054888
30053656
30054774
30054887
30054886
30054884
30054885
30054881
30054877
30053655
30054874
30054871
30054865
30054842
30054841
30054839
30054838
30054837
30054836
30054826
30054825
30054824
30054823
30054805
30054804
30054802
30054798
30054797
30054795
30054794
30054790
30054789
30054755
30054784
30054777
30054776
30054767
30054752
30054750
30054748
30054746
30054741
30054737
30054735
30054734
30054731
30054724
30054723
30054726
30054717
30054716
30054713
30054710
30054707
30054702
30054698
30054696
30054692
30054689
30054690
30054680
30054674
30054671
30054669
30054668
30054666
30054660
30054665
30054658
30054640
30054608
30054607
30054599
30054592
30054581
30054574
30053654
30054565
30054556
30054551
30054549
30054545
30053653
30054539
30054532
30054531
30054521
30054516
30054508
30054498
30054495
30054479
30054477
30054478
30054485
30054484
30054468
30054470
30054469
30054452
30054451
30054458
30054457
30054456
30054436
30054432
30054429
30054427
30054426
30054425
30054428
30054421
30054623
30054410
30054411
30054409
30054408
30054401
30054399
30054387
30054385
30053923
30054375
30054370
30054368
30054345
30054335
30054334
30054333
30054509
30054332
30054329
30054325
30054324
30054323
30054319
30054304
30054314
30054302
30054296
30054290
30054265
30054291
30054234
30054263
30054250
30054433
30054259
30054258
30054257
30054253
30054252
30054217
30054209
30054227
30054202
30054196
30054185
30054181
30054178
30054455
30054157
30053955
30053954
30054142
30054145
30054076
30054075
30054040
30054041
30054039
30054006
30054028
30054019
30054009
30054008
30054007
30053966
30053951
30053950
30053948
30053947
30053946
30053446
30053942
30053941
30053940
30053936
30053059
30053938
30053939
30053931
30053929
30053924
30053905
30053922
30053909
30053891
30053902
30053898
30053896
30053895
30053884
30053444
30054262
30054270
30053880
30053879
30053878
30053877
30053876
30053871
30054247
30054254
30054244
30054246
30054245
30053857
30053854
30052027
30053847
30053845
30053837
30053833
30053832
30053831
30053815
30053813
30053761
30053812
30053799
30053443
30053793
30053426
30053796
30053795
30053933
30053445
30053780
30053779
30053769
30053770
30053631
30053767
30053752
30052018
30053746
30053742
30053992
30053739
30053738
30053734
30053945
30053732
30053730
30053727
30053723
30053694
30053676
30053668
30053669
30053660
30053649
30053645
30053642
30053424
30053641
30053439
30053639
30053632
30053628
30053627
30053623
30053927
30053586
30053811
30053617
30053600
30053594
30053598
30053589
30053588
30053587
30053583
30053442
30053440
30053434
30053431
30053565
30053562
30053546
30053523
30053430
30053433
30053429
30053428
30053520
30053435
30053427
30053630
30053496
30053470
30053493
30053471
30053469
30053468
30053450
30053397
30053418
30053413
30053406
30053399
30053824
30053396
30053390
30053388
30053387
30053386
30053385
30053330
30053384
30053378
30053379
30053361
30053354
30053350
30053338
30053336
30053334
30053320
30053314
30053310
30053690
30053307
30053216
30053276
30053277
30053280
30053258
30053629
30053245
30053230
30053239
30053235
30053219
30053190
30053187
30053176
30053052
30053177
30053170
30053150
30053492
30053137
30053123
30053102
30053101
30053100
30053051
30053069
30052433
30052960
30053039
30053027
30053025
30053217
30053218
30053020
30053013
30053012
30052988
30053008
30052994
30052912
30052990
30053094
30052910
30052936
30052927
30052919
30052889
30052374
30052373
30052890
30052784
30053028
30052879
30052913
30052830
30052829
30052828
30052827
30052826
30052825
30052824
30052822
30052851
30052852
30052850
30052821
30052832
30052790
30052789
30051196
30052748
30052735
30052731
30052708
30052654
30052644
30052645
30052656
30052657
30052642
30052646
30052893
30052622
30052892
30052713
30052778
30052777
30052597
30052593
30051879
30052588
30052583
30052580
30052581
30052692
30052694
30052712
30052691
30052693
30052547
30052776
30052710
30052536
30052512
30052516
30052509
30052451
30052505
30051805
30052291
30052471
30052484
30052483
30052551
30052475
30052465
30052462
30052143
30052437
30052427
30052435
30052424
30052410
30051830
30052415
30052411
30052392
30052390
30052376
30052383
30052359
30052353
30052356
30052355
30052350
30052348
30052264
30051866
30052326
30052324
30052321
30052308
30052307
30052305
30052303
30052301
30052300
30052176
30052297
30052128
30052294
30052127
30052290
30052416
30052287
30052282
30052280
30052278
30052148
30052263
30052476
30052460
30052418
30052239
30052226
30051837
30052230
30052473
30052210
30051705
30052166
30052105
30052160
30052161
30052152
30052144
30052142
30052141
30052123
30052126
30052108
30052101
30052107
30052097
30052106
30052056
30052085
30052098
30052096
30052087
30052070
30052043
30052044
30052038
30052032
30051749
30051987
30051983
30051965
30051980
30051971
30052306
30051953
30051946
30051943
30051937
30051934
30051933
30051924
30051831
30051914
30051921
30051915
30051889
30051843
30051891
30051878
30051882
30051875
30051874
30051857
30051856
30051855
30051848
30051836
30051838
30051812
30051787
30051797
30051774
30051776
30051970
30051967
30051969
30051968
30051772
30051698
30051696
30051746
30051719
30051711
30051709
30051704
30051703
30051700
30051682
30051612
30051560
30051853
30051566
30051550
30051547
30051532
30051491
30051524
30051521
30051517
30051515
30051480
30051421
30051478
30051476
30051460
30051440
30051441
30051427
30051405
30051392
30051551
30051389
30051660
30051377
30051356
30051450
30051354
30051323
30051336
30051315
30051309
30051307
30051277
30051283
30051261
30051260
30051259
30051131
30051253
30051251
30051513
30051244
30051248
30051246
30051438
30051451
30051449
30051239
30051242
30051236
30051232
30051367
30051217
30051216
30051218
30051366
30051157
30051202
30051179
30051163
30051088
30051090
30051086
30051085
30051083
30051074
30051063
30051058
30051039
30051022
30051033
30051031
30051009
30051019
30051011
30050946
30051012
30051007
30051008
30050983
30050991
30050990
30050988
30050986
30050978
30050976
30050945
30050890
30050943
30050802
30050801
30050800
30050924
30050919
30050880
30050878
30050879
30050851
30050852
30050845
30050844
30050846
30050842
30050828
30050827
30050826
30050824
30050825
30050823
30050821
30050813
30050812
30050804
30050771
30050803
30050794
30050793
30050792
30050791
30050790
30050789
30050785
30050783
30050782
30050781
30050780
30050774
30050773
30050767
30050766
30050765
30051030
30051025
30050742
30050718
30050720
30050717
30050714
30050709
30050701
30050696
30050692
30050687
30050683
30050678
30050677
30050662
30050661
30050660
30050658
30050659
30050645
30050646
30050640
30050643
30050644
30050642
30050641
30050637
30050634
30050633
30050630
30050629
30050611
30050607
30050606
30050605
30050604
30050592
30050589
30050591
30050590
30050582
30050576
30050887
30050578
30050577
30050567
30050564
30050563
30050565
30050545
30050544
30050534
30050535
30050528
30050476
30050522
30050520
30050519
30050518
30050516
30050514
30050513
30050512
30050511
30050510
30050509
30050508
30050503
30050502
30050475
30050466
30050440
30050417
30050423
30050416
30050405
30050401
30050388
30050399
30050394
30050392
30050390
30050386
30050384
30050378
30050377
30050376
30050372
30050366
30050371
30050363
30050369
30050367
30050364
30050370
30050365
30050362
30050360
30050354
30050347
30050344
30050341
30050339
30050338
30050334
30050330
30050329
30050221
30050291
30050288
30050286
30050285
30050281
30050280
30050279
30050278
30050277
30050276
30050275
30050246
30050245
30050244
30050441
30050459
30050439
30050222
30050213
30050212
30050210
30050458
30050457
30050187
30050181
30050178
30050176
30050174
30050173
30050154
30050171
30050168
30050169
30050170
30050167
30050119
30050165
30050152
30050151
30050147
30050148
30050146
30050141
30050138
30050137
30050136
30050135
30050134
30050133
30050130
30050128
30050127
30050126
30050125
30050124
30050118
30050117
30050116
30050115
30050114
30050113
30050111
30050110
30050103
30050102
30050100
30050099
30050097
30050096
30050095
30050094
30050093
30050092
30050088
30050085
30050084
30050083
30050081
30050071
30050069
30050067
30050065
30050064
30050063
30050062
30050061
30050060
30050057
30050058
30050054
30050051
30050053
30050052
30050043
30050042
30050039
30050035
30050034
30050033
30050032
30050031
30050030
30050028
30050029
30050027
30050026
30050023
30050022
30050025
30050024
30050021
30050020
30050015
30050016
30050013
30050012
30050011
30050014
30050010
30050009
30050004
30050003
30050002
30050001
30050000
30049999
30049998
30049993
30049996
30049995
30049992
30049997
30049991
30049989
30049988
30049990
30049987
30049986
30049982
30049981
30049976
30049975
30049973
30049971
30049968
30049969
30049962
30049956
30049954
30049953
30049952
30049951
30049939
30049938
30049930
30049928
30049929
30049927
30049926
30049916
30049914
30049912
30049911
30049909
30049907
30049906
30049905
30049903
30049904
30049902
30049901
30049900
30049897
30049895
30049892
30049891
30049890
30049889
30049888
30049880
30049878
30049875
30049874
30049873
30049867
30049861
30049860
30049858
30049854
30049849
30049848
30049845
30049843
30049842
30049836
30049835
30049832
30049827
30049829
30049824
30049823
30049819
30049808
30049807
30049805
30049806
30049803
30049802
30049800
30049801
30049799
30049798
30049795
30049792
30049790
30049784
30049783
30049781
30049780
30049774
30049772
30049773
30049766
30049765
30049764
30049763
30049755
30049761
30049754
30049753
30049534
30049731
30049730
30049776
30049607
30049720
30049719
30049718
30049717
30049716
30049715
30049714
30049713
30049712
30049710
30049703
30049702
30049684
30049662
30049641
30049638
30049636
30049631
30049628
30049604
30049605
30049557
30049547
30049531
30049530
30049521
30049515
30049519
30049517
30049514
30049856
30049513
30048856
30048855
30049495
30049490
30049486
30049485
30049479
30049478
30049464
30049459
30049458
30049445
30049441
30049438
30049334
30049391
30049382
30049366
30049371
30049357
30049354
30049353
30049339
30049323
30049321
30049320
30049318
30049247
30049258
30049296
30049297
30049295
30049293
30049294
30049291
30049292
30049290
30049287
30049286
30049284
30049282
30049283
30049281
30049280
30049279
30049275
30049277
30049274
30049272
30049273
30049271
30049269
30049268
30049270
30049266
30049265
30049267
30049260
30049249
30049241
30049234
30049233
30049232
30049231
30049212
30049220
30049211
30049213
30049210
30049529
30049205
30049191
30049189
30049183
30049180
30049179
30049178
30049174
30049176
30049159
30049132
30049136
30049135
30049134
30049131
30049118
30049037
30048884
30049036
30049020
30049017
30049014
30049012
30049006
30049005
30049001
30049000
30048999
30048998
30048997
30048996
30048995
30048994
30048992
30048993
30048990
30048991
30048989
30048988
30048983
30048977
30048973
30048971
30048970
30048969
30048968
30048967
30048966
30048965
30048962
30048960
30048958
30048936
30048916
30048915
30048912
30048911
30048906
30048902
30048900
30048895
30048885
30048887
30048880
30048879
30048881
30048878
30048875
30048877
30048876
30048874
30048872
30048871
30048806
30048810
30048671
30048779
30048765
30048757
30048756
30048755
30048840
30048734
30048751
30048742
30048729
30048725
30048678
30048677
30048657
30048646
30048642
30048644
30048645
30048643
30048641
30048640
30048638
30048639
30048637
30048636
30048635
30048634
30048632
30048630
30048633
30048631
30048628
30048629
30048626
30048625
30048623
30048622
30048619
30048620
30048621
30048617
30048618
30048614
30048616
30048615
30048613
30048612
30048611
30048610
30048590
30048594
30048593
30048591
30048589
30048538
30048182
30048557
30048555
30048550
30048551
30048552
30048553
30048549
30048548
30048543
30048542
30048546
30048544
30048547
30048545
30048541
30048540
30048527
30048521
30048520
30048503
30048496
30048500
30048499
30048498
30048497
30048581
30048484
30048483
30048482
30048470
30048467
30045035
30048448
30047477
30048440
30048438
30048439
30048435
30048433
30048431
30048430
30048397
30048409
30048392
30048321
30048320
30048369
30048367
30048366
30048495
30048345
30048339
30048338
30048337
30048330
30048322
30048319
30048318
30048308
30048314
30048313
30047632
30048312
30048311
30048310
30047205
30048307
30048305
30048304
30048306
30048292
30048290
30048289
30048288
30048287
30048282
30048284
30048285
30048281
30048280
30048279
30048272
30048271
30048269
30048268
30048270
30048267
30048266
30048265
30048264
30048263
30048262
30048261
30048260
30048256
30048254
30048250
30048248
30048249
30048251
30048246
30048245
30048230
30048226
30048225
30048223
30048222
30048218
30048217
30048205
30048204
30048203
30048202
30048201
30048200
30048198
30048197
30048196
30048195
30048193
30048185
30048184
30048190
30048189
30048188
30047212
30048177
30048170
30048167
30048166
30048165
30048164
30048078
30047960
30048124
30048123
30048121
30048064
30048109
30048104
30048093
30048092
30048091
30048336
30048082
30048066
30048063
30048057
30048056
30048058
30048046
30048038
30048044
30048037
30048045
30048005
30048194
30047988
30047989
30047987
30047985
30047993
30048008
30048007
30047984
30047963
30047965
30047964
30047940
30047898
30047418
30047933
30047934
30047932
30047929
30047930
30047931
30047928
30047927
30047926
30047475
30047920
30047921
30047913
30047909
30047905
30047904
30047900
30047895
30047882
30047885
30047884
30047883
30047877
30047878
30047876
30048295
30047851
30047823
30047824
30047822
30047821
30047820
30047818
30047817
30047819
30047816
30047813
30047812
30047814
30047810
30047811
30047809
30047808
30047807
30047805
30047801
30047800
30047797
30047796
30047795
30047794
30047793
30047789
30047791
30047790
30047787
30047786
30047784
30047779
30047777
30047776
30047774
30047772
30047773
30047770
30047639
30047633
30048181
30047609
30047608
30047598
30047603
30047597
30047592
30047586
30047569
30047568
30047567
30047566
30047564
30047563
30047565
30047562
30047561
30047560
30047554
30047548
30047545
30047543
30047542
30047541
30047540
30047534
30047533
30047532
30047447
30047515
30047512
30047511
30047510
30048180
30047501
30047498
30047497
30047496
30047495
30047494
30047493
30047492
30047491
30047490
30047482
30047417
30047442
30047416
30047437
30047430
30047412
30047401
30047389
30047398
30047397
30047395
30047391
30047390
30047388
30047387
30047385
30047384
30047382
30047381
30047380
30047371
30047361
30047360
30047196
30047350
30047348
30047325
30047305
30047299
30047289
30047287
30047280
30047263
30047260
30047259
30047254
30047227
30047226
30047223
30047069
30047220
30047219
30047197
30047651
30047536
30047185
30047183
30047160
30047174
30047172
30047171
30047170
30047164
30047142
30047855
30047136
30047130
30047120
30047076
30047074
30047057
30047053
30047052
30047029
30047623
30047581
30047007
30047003
30047000
30046978
30046977
30046996
30046994
30046983
30046979
30046971
30046975
30046974
30046969
30046825
30046827
30046966
30046962
30046953
30046950
30046894
30046905
30046904
30046938
30046935
30046933
30046928
30046927
30046925
30046922
30046917
30046914
30046915
30046912
30046911
30046883
30046900
30046888
30046887
30046886
30046844
30046848
30046847
30046840
30046839
30046838
30046833
30046832
30046819
30046818
30046815
30046814
30046806
30046804
30046802
30046789
30046800
30046687
30046781
30046744
30046792
30046788
30046787
30046783
30046776
30046763
30046775
30046773
30046769
30046764
30046755
30046761
30047353
30046745
30046711
30046730
30046715
30046714
30046699
30046639
30046652
30046689
30046682
30046655
30046528
30046670
30046668
30046616
30046658
30046657
30046656
30046617
30046648
30046641
30045862
30046637
30046631
30046629
30046603
30046607
30046600
30046593
30046570
30046569
30046568
30046566
30046565
30046563
30046564
30046562
30046551
30046518
30045994
30046534
30046557
30046535
30046555
30046445
30046523
30046525
30046519
30046506
30046510
30046498
30047012
30046504
30046503
30046505
30046488
30046484
30046481
30046448
30046452
30046451
30046443
30046425
30046435
30046891
30046421
30046417
30046044
30046416
30046403
30046389
30046386
30046381
30046370
30046367
30046366
30046361
30046340
30046355
30046360
30046343
30046292
30046290
30046287
30046286
30046238
30046237
30046230
30046221
30046220
30046219
30046218
30046217
30046216
30046213
30046204
30046189
30046194
30046182
30046175
30046167
30046155
30046154
30046153
30046148
30046147
30046136
30046125
30046109
30045843
30045460
30046090
30046086
30046088
30046022
30046067
30046029
30046046
30046045
30046033
30045984
30046014
30046008
30046009
30046007
30046001
30046000
30045961
30045981
30045971
30045960
30045954
30045953
30045952
30045950
30045944
30045876
30045901
30045900
30045896
30045883
30045879
30045878
30045875
30045829
30045863
30045676
30045849
30045567
30045840
30045839
30046344
30045820
30045819
30045818
30045817
30045815
30045814
30045813
30045812
30045810
30045809
30045808
30045803
30045802
30045801
30045800
30045799
30045798
30045796
30045793
30045792
30046291
30045762
30045757
30045453
30045742
30045741
30045740
30045738
30045732
30045736
30045729
30045726
30045723
30045725
30045724
30045702
30045700
30045699
30045652
30045687
30045674
30045675
30045673
30045672
30045671
30045669
30045668
30045667
30045666
30045665
30045663
30045662
30045654
30045660
30045659
30045656
30045658
30045657
30045629
30045650
30045643
30045632
30045603
30044958
30045622
30045621
30045616
30045609
30045589
30045590
30045588
30045585
30045583
30045581
30045071
30045578
30045577
30045575
30045545
30045175
30045562
30045561
30045556
30045557
30045548
30045542
30045538
30045344
30045980
30045531
30045530
30045528
30045527
30045526
30045389
30045522
30045521
30045519
30045518
30045517
30045516
30045515
30045513
30045512
30045509
30045508
30045507
30045464
30045463
30045462
30045459
30045458
30045457
30046043
30045438
30045437
30045424
30045412
30045411
30045409
30045408
30045407
30045406
30045404
30045951
30045302
30045301
30045387
30045385
30045381
30045371
30045125
30045358
30045355
30045349
30045354
30045353
30045347
30045342
30045341
30045336
30045337
30045335
30045331
30045330
30045329
30045326
30045323
30045322
30045321
30045319
30045318
30045317
30045314
30045316
30045313
30045310
30045307
30045306
30045296
30045295
30045294
30045293
30045292
30045290
30045287
30045286
30045283
30045280
30045279
30045278
30045277
30045253
30045271
30045269
30045268
30045267
30045261
30045260
30045259
30045258
30045257
30045256
30045255
30045254
30045252
30045250
30045248
30045245
30045244
30045238
30045237
30045236
30045235
30045233
30045230
30045228
30045226
30045225
30045224
30045223
30045222
30045221
30045219
30045218
30045215
30045214
30045067
30045212
30045201
30045200
30045190
30045157
30045142
30045176
30045173
30045172
30045171
30045170
30045152
30045158
30045153
30045143
30045141
30044956
30045134
30045133
30045132
30045131
30045130
30045129
30045128
30045127
30045126
30045123
30045122
30045121
30045119
30045118
30045117
30045115
30045114
30045109
30045108
30045107
30045106
30045105
30045104
30045103
30045102
30045098
30045097
30045093
30045092
30045091
30045090
30045084
30045083
30045082
30045081
30045080
30045073
30045072
30045066
30045064
30045063
30045062
30045061
30045060
30045052
30045051
30045042
30045037
30045036
30045020
30045019
30045018
30045017
30045016
30045014
30045013
30045011
30045004
30045002
30044987
30044984
30044978
30044973
30044972
30044969
30044966
30044965
30044964
30044962
30044960
30045633
30045634
30044951
30044949
30044948
30044947
30044944
30044938
30044937
30044932
30044931
30044930
30044926
30044925
30044923
30044922
30044921
30044919
30044903
30044905
30044901
30044900
30044899
30044897
30044896
30044894
30044895
30044893
30044892
30044891
30044890
30044889
30044888
30044887
30044885
30044884
30044883
30044846
30044873
30044872
30044867
30044862
30044863
30044861
30044860
30044859
30045430
30044853
30044852
30044850
30044848
30044844
30044843
30044836
30044832
30044831
30044830
30044829
30044828
30044827
30044826
30044825
30044824
30044823
30044822
30044821
30044820
30044819
30044818
30044817
30044815
30044816
30044814
30044813
30044812
30044811
30044810
30044809
30044808
30044807
30044806
30044805
30044804
30044803
30044801
30044800
30044799
30044798
30044797
30044796
30044795
30044794
30044792
30044791
30044790
30044789
30044788
30044785
30044786
30044784
30044779
30044783
30044782
30045505
30041778
30044647
30044773
30044772
30044762
30044761
30044760
30044759
30044758
30044757
30044756
30044752
30044750
30044749
30044747
30044745
30044744
30044743
30044742
30044735
30044734
30044733
30044732
30044730
30044729
30044727
30044726
30044725
30044724
30044723
30044722
30044721
30044718
30044713
30044714
30045210
30044672
30044687
30044696
30044701
30044700
30044699
30044698
30044697
30044676
30044682
30044680
30044599
30044670
30044668
30044667
30044646
30044663
30044661
30044660
30044658
30044657
30044656
30044655
30044654
30044653
30044652
30044651
30044650
30044639
30044638
30044637
30044636
30044635
30044634
30044633
30044632
30044630
30044629
30044628
30044627
30044626
30044625
30044623
30045327
30044615
30044619
30044613
30044612
30044611
30044610
30044609
30044607
30044606
30044604
30044603
30044602
30044601
30044598
30042901
30044583
30044579
30044574
30044573
30044571
30044570
30044569
30044566
30044565
30044564
30044563
30044562
30044561
30044560
30044556
30044551
30044540
30044537
30044536
30044535
30044534
30044533
30044530
30044523
30044529
30044524
30044521
30044520
30044510
30044508
30044498
30044495
30044493
30044248
30044477
30044476
30044475
30044474
30044473
30044472
30044471
30044469
30044468
30044466
30044465
30044464
30044463
30044462
30044459
30044458
30044457
30044456
30044449
30044441
30044440
30044438
30044432
30044431
30044430
30044425
30044424
30044423
30044421
30044412
30044411
30044399
30044403
30044400
30044289
30044393
30044380
30044379
30044378
30044377
30044376
30044375
30044374
30044373
30044372
30044370
30044369
30044368
30044367
30044366
30044365
30044362
30044361
30044355
30044352
30044351
30044274
30044343
30044342
30044341
30044340
30044338
30044337
30044336
30044335
30044334
30044333
30044332
30044331
30044330
30044273
30044288
30044287
30044286
30044259
30044258
30044267
30044255
30044265
30044264
30044263
30044262
30044252
30044243
30044203
30044240
30044239
30044238
30044237
30044235
30044234
30044233
30044232
30044231
30044230
30044229
30044228
30044227
30044226
30044225
30044224
30044223
30044222
30044221
30044220
30044219
30044218
30044216
30044215
30044214
30044213
30044204
30044196
30044194
30044193
30044191
30044190
30044189
30044188
30044187
30044186
30044185
30044184
30044183
30044182
30044181
30044180
30044177
30044176
30044175
30044174
30044172
30044171
30044170
30044774
30044133
30044022
30044135
30044051
30044145
30044144
30044142
30044141
30044139
30044140
30044128
30044129
30044127
30044126
30044121
30044120
30044117
30044115
30044113
30044112
30044111
30044109
30044108
30044107
30044106
30044105
30044104
30044103
30044102
30044100
30044094
30044088
30044078
30044066
30044065
30044064
30044063
30044062
30044061
30044059
30044058
30044057
30044056
30044055
30044054
30044050
30044020
30044048
30044049
30044033
30044042
30044003
30044037
30044034
30044021
30044000
30043999
30043998
30043997
30043993
30043991
30043990
30043989
30043988
30043987
30043986
30043985
30043984
30043983
30043982
30043981
30043980
30043979
30043978
30043977
30043976
30043975
30043974
30043972
30043971
30043970
30043969
30043965
30043964
30043962
30043860
30043939
30042701
30043935
30043922
30043920
30043856
30043888
30043885
30043880
30043868
30043744
30043864
30043859
30043857
30043847
30043846
30043845
30043844
30043842
30043841
30043840
30043839
30043838
30043835
30043748
30043837
30043832
30043827
30043807
30043824
30043819
30043818
30043817
30043816
30043815
30043814
30043813
30043812
30043811
30043810
30043809
30043805
30043804
30043803
30043802
30043801
30043800
30043799
30043798
30043797
30043796
30043795
30043794
30043793
30043792
30043785
30043768
30043779
30043778
30043771
30043769
30043763
30043761
30043756
30043753
30043752
30043746
30043740
30043731
30043730
30043729
30043728
30043727
30043726
30043725
30043724
30043723
30043722
30043721
30043720
30043719
30043718
30043711
30043710
30043696
30043684
30043205
30043687
30043686
30043674
30043673
30043669
30043668
30043666
30043650
30043643
30043648
30043640
30043635
30043627
30043618
30043608
30043601
30043587
30043463
30043602
30043596
30043545
30043544
30044397
30043592
30043589
30043585
30043580
30043581
30043571
30043570
30043547
30043546
30043540
30043535
30043534
30043524
30043525
30043521
30043520
30043519
30043518
30043514
30043508
30043507
30043506
30043502
30043501
30043500
30043492
30043488
30043487
30043486
30043485
30043484
30043479
30043477
30043478
30043472
30043467
30043466
30043395
30043464
30043458
30043457
30043455
30043452
30043447
30043445
30043444
30043442
30043441
30043440
30043439
30043433
30043431
30043430
30043429
30043426
30043417
30043048
30043047
30043418
30043046
30043044
30043045
30043413
30043391
30043396
30043386
30043368
30043385
30043384
30043381
30043374
30043375
30043366
30042261
30043343
30043318
30043336
30043641
30043333
30043331
30043330
30043329
30043328
30043327
30043326
30043325
30043324
30043323
30043320
30043316
30043314
30043313
30043312
30043311
30043292
30043286
30043280
30043284
30043278
30043277
30043276
30043275
30043274
30043273
30043268
30043209
30043244
30043238
30043243
30043242
30043227
30043231
30043232
30043222
30043208
30043219
30043207
30043193
30043189
30043183
30043195
30043194
30043198
30043196
30043190
30043185
30043191
30043187
30043182
30043181
30043199
30043192
30043186
30043188
30043197
30043203
30043202
30043201
30043200
30043177
30043176
30043175
30043174
30043166
30043165
30043639
30043163
30043161
30043149
30043146
30043141
30043642
30043140
30043136
30043134
30043133
30043095
30043094
30043093
30043067
30043638
30043065
30043055
30043053
30043041
30043052
30043050
30043040
30043036
30043035
30043026
30043023
30043018
30043001
30043008
30043007
30043000
30042970
30042985
30042466
30042981
30042982
30042973
30042972
30042971
30042968
30042959
30042938
30042931
30042916
30042915
30042914
30042913
30042912
30042863
30042897
30042896
30042895
30042405
30042888
30042887
30042886
30042885
30042881
30042878
30042877
30042876
30042862
30042873
30042870
30042869
30042830
30042850
30042849
30042848
30042831
30042788
30042824
30042825
30042808
30042806
30042805
30042804
30042803
30042801
30042785
30042786
30042787
30042782
30042768
30042767
30042762
30042764
30042761
30042760
30042749
30042748
30042747
30042746
30042745
30042744
30042727
30042724
30042625
30042721
30042720
30042691
30042492
30042713
30042712
30042711
30042709
30042706
30042705
30042704
30042703
30042697
30042627
30042672
30042689
30042688
30042687
30042680
30042683
30042682
30042679
30042674
30042673
30042660
30042654
30042613
30042619
30042612
30042609
30043248
30042606
30042602
30042589
30042581
30042580
30042576
30042575
30042574
30042573
30042572
30042571
30042570
30042568
30042565
30042540
30042532
30042534
30043150
30042533
30042530
30042529
30042523
30042521
30042520
30042519
30042514
30042511
30042508
30042506
30042496
30042489
30042488
30042479
30042482
30042481
30042480
30042477
30042476
30042475
30042474
30042473
30042470
30042469
30042468
30042467
30042471
30042416
30042415
30042414
30042412
30042411
30042410
30042409
30042407
30042400
30042399
30042380
30042379
30042378
30042376
30042375
30042374
30042373
30042372
30042371
30042362
30042348
30042347
30042346
30042344
30042342
30042343
30042339
30042338
30042823
30042783
30041919
30041918
30041917
30041916
30041915
30041914
30041913
30041912
30041911
30041910
30042316
30042315
30042284
30042282
30042281
30042280
30042279
30042276
30042275
30042274
30042273
30042272
30042271
30042270
30042269
30042268
30042267
30042266
30042264
30042263
30042262
30042260
30042253
30042211
30042213
30042212
30042208
30042207
30042206
30042205
30042204
30042203
30042202
30042201
30042185
30042188
30042184
30042182
30042183
30042181
30042176
30042172
30042171
30042169
30042168
30042166
30042165
30042164
30042154
30042156
30042155
30042117
30042144
30042142
30042107
30042133
30042121
30042118
30042021
30042116
30042115
30042097
30042089
30042088
30042046
30041845
30042082
30042081
30042080
30042079
30042020
30042040
30042049
30042072
30042071
30042847
30042822
30042784
30042541
30042051
30042044
30042622
30042028
30042603
30042023
30042022
30042007
30042006
30042004
30042002
30042001
30042000
30041999
30041997
30041996
30041995
30041994
30041992
30041991
30041990
30041989
30041988
30041987
30041986
30041985
30041983
30042008
30041960
30041938
30041909
30041908
30041907
30041906
30041904
30041903
30041927
30041893
30041901
30041821
30041820
30041819
30042252
30042250
30042249
30042246
30042247
30041804
30041784
30042484
30041824
30041793
30041751
30041788
30041802
30041695
30041677
30041602
30042350
30042108
30041759
30041827
30042037
30042034
30042035
30042033
30042105
30041830
30042259
30041826
30041825
30041709
30041752
30041611
30041984
30042056
30041928
30042057
30042052
30042025
30041836
30041838
30042163
30041961
30042048
30042106
30041767
30041765
30041764
30041762
30041761
30041760
30041758
30041757
30041756
30041755
30041754
30041936
30041933
30041772
30041993
30041774
30041840
30041876
30041794
30041790
30041795
30041834
30041705
30041835
30041828
30041815
30041846
30041799
30041203
30041232
30041574
30041628
30041670
30041728
30041618
30041696
30041681
30041488
30041727
30041741
30041522
30041708
30041724
30041526
30041561
30041042
30040988
30041582
30041700
30041684
30041015
30041014
30041585
30041011
30041581
30041622
30041604
30041490
30041307
30041310
30041287
30041385
30041511
30040959
30041320
30041201
30041379
30041496
30041382
30041200
30041199
30040960
30040906
30040882
30040878
30040880
30040870
30041480
30041338
30041339
30040864
30040857
30041407
30041304
30041305
30041406
30041337
30040812
30040800
30041292
30041321
30041261
30041276
30041263
30040474
30041260
30041314
30041267
30041275
30041265
30041268
30039575
30041224
30041204
30041249
30039546
30041193
30039525
30041002
30039493
30039452
30039389
30039390
30039357
30039332
30039333
30039336
30039330
