30117965
30111946
30104625
30102905
30102683
30102495
30100636
30100124
30091598
30088501
30085799
30074777
30072944
30072017
30072328
30069030
30068357
30068302
30067520
30065884
30065796
30064561
30062152
30061828
30059364
30059295
30058105
30057470
30056802
30054573
30054572
30054405
30054279
30053728
30053136
30053037
30052816
30052894
30052295
30051845
30051796
30051391
30050733
30051386
30051258
30050495
30050571
30049946
30049847
30049746
30049499
30049428
30049230
30048562
30048580
30047825
30047826
30047804
30047897
30047886
30047450
30047246
30046741
30046151
30045539
30044281
30043523
30042821
30042918
30042038
30042334
30041719
30041222
30040477
30039581
30039563
30039565
30036202
30036145
30036086
30035054
30034549
30034529
30034363
30032756
30033376
30033625
30032923
30032432
30032858
30032344
30032430
30032403
30030539
30030538
30030459
30030381
30030324
30030332
30030245
30030166
30030165
30030159
30029827
30029829
30029435
30029383
30028550
30027744
30027380
30027346
30026825
30025900
30026168
30026169
30026058
30026011
30025391
30025312
30025235
30024974
30024849
30024865
30024741
30024481
30024390
30024346
30024310
30024042
30023811
30023325
30023290
30023001
30022995
30022985
30022930
30022961
30022959
30022960
30022956
30022899
30022785
30022739
30022743
30022738
30022711
30022656
30022646
30022641
30022563
30022265
30022262
30022219
30022185
30022180
30022176
30022132
30022130
30022122
