30052592
30052647
30052549
30052488
30052440
30052058
30052109
30052119
30051935
30052041
30051588
30051780
30051608
30051059
30050735
30050375
30049913
30049650
30049454
30049449
30049374
30048961
30048934
30047461
30047446
30047400
30046712
30046039
30046123
30046170
30045623
30044621
30044865
30044678
30043915
30043653
30043493
30043261
30042134
30041422
30041083
30034511
30039591
30037837
30035575
30035444
30035144
30034895
30034636
30034564
30034001
30033814
30033288
30032981
30032401
30032278
30031005
30031433
30031312
30031311
30031310
30031309
30031047
30031046
30031045
30031044
30030588
30030288
30030012
30029432
30029548
30028765
30027842
30027529
30027348
30027299
30026980
30025929
30025656
30025156
30025081
30024620
30024817
30024571
30024646
30024389
30024192
30024002
30022996
30022876
30022869
30022622
30022625
30022631
30022632
30022630
30022590
30022345
30022314
30022292
30022293
30022261
30022230
30022205
30022192
30022181
30022187
30022184
30022168
30022177
30022123
30022111
30022088
30022035
30022023
30022010
30021997
30021964
30021965
30021859
30021847
30021835
30021784
30021792
30021751
30021742
30021720
30021702
30021695
30021675
30021653
30021646
30021625
30021617
30021600
30021592
30021506
30021522
30006258
30021485
30021486
30021388
30021402
30021375
30021368
30021357
30021360
30021354
30021325
30021308
30021296
30021210
30021124
30021087
30021077
30021068
30021050
30021042
30021037
30020998
30020994
30020990
30020938
30020922
30020901
30020910
30020909
30020891
30020872
30020869
30020863
30020803
