17491
17421
17427
17416
17415
17389
17321
17405
17390
17388
17394
17377
17313
17357
17323
17319
17338
17269
17231
17309
17263
17264
17230
17225
17202
17203
17194
17179
17153
17149
17143
17094
17092
17058
17080
17081
17079
17086
17036
17063
16996
17052
17037
17025
17007
17004
17020
16959
16997
16937
16978
16981
16960
16958
16950
16910
16944
16930
16928
16892
16903
16894
16889
16887
16870
16833
16857
16847
16835
16826
16838
16834
16828
16829
16808
16805
16734
16792
16765
16771
16781
16784
16770
16782
16783
16772
16753
16704
16756
16752
16703
16702
16638
16495
16612
16494
16555
16493
16558
16492
16529
16510
16525
16472
16498
16471
16445
16437
16430
16405
16376
16379
16380
16384
16387
16366
16368
16375
16385
16364
16365
16370
16373
16388
16371
16374
16377
16378
16386
16367
16369
16381
16382
16383
16359
16349
16344
16337
16307
16275
16272
16237
16181
16209
16222
16196
16168
16154
16153
16069
16013
15983
15939
15949
15825
15801
15800
15768
15718
15684
15658
15670
15649
15609
15636
15570
15409
15358
15155
15125
15193
15120
15103
15104
15087
15080
15076
15075
15309
15308
15024
14842
14848
14849
14796
14797
14798
14768
14777
14787
14789
14905
14907
14813
14820
14888
14898
14874
14918
14995
14978
14979
14981
14985
14988
14863
14865
14866
14868
14963
14965
14977
14805
14808
14811
14952
14954
14926
14815
14816
14818
14819
14822
14778
14779
14791
14835
14836
14773
14794
14809
14826
14840
14841
14843
14850
14851
14908
14909
14914
14916
14878
14883
14884
14894
14896
14897
14924
14928
14929
14864
14867
14931
14853
14876
14941
14942
14944
14946
14947
14950
14951
14956
14993
14960
14964
14971
14976
14982
14984
14991
14765
14766
14767
14771
14772
14774
14780
14781
14782
14783
14786
14790
14824
14827
14830
14846
14852
14856
14859
14795
14803
14837
14927
14930
14932
14869
14870
14871
14913
14917
14887
14891
14895
14920
14937
14949
14959
14962
14968
14975
14983
14987
14989
14992
14764
14769
14775
14776
14799
14800
14802
14806
14807
14810
14812
14814
14821
14784
14785
14793
14881
14882
14885
14886
14838
14839
14844
14845
14855
14860
14861
14889
14892
14829
14832
14833
14834
14903
14904
14899
14875
14938
14940
14945
14955
14957
14933
14934
14935
14936
14958
14969
14970
14910
14915
14923
14925
14921
14922
14990
14788
14792
14801
14804
14823
14825
14828
14831
14854
14857
14817
14847
14770
14872
14873
14877
14900
14901
14902
14879
14880
14858
14862
14911
14912
14890
14893
14906
14919
14953
14961
14966
14967
14972
14973
14974
14939
14943
14948
14980
14986
14994
14763
14672
15188
14996
14584
14581
14557
14525
14503
14495
14478
14455
14412
14406
14355
14354
14351
14339
14300
14264
14227
14226
14208
14210
14207
14209
14196
14195
14001
14176
14162
14074
14076
14081
14119
14120
14122
14123
14128
14135
14011
14018
14021
14098
14100
14105
14110
14046
14051
14056
14026
14027
14028
14089
14092
14006
14063
14064
14067
14068
14070
14071
14072
14008
14014
14015
14019
14020
14022
14116
14118
14121
14127
14132
14080
14082
14104
14109
14112
14039
14047
14053
14031
14032
14035
14087
14094
14069
14077
14078
14079
14042
14045
14048
14049
14050
14054
14055
14057
14083
14085
14086
14091
14024
14025
14034
14037
14058
14060
14066
14093
14103
14131
14005
14010
14012
14013
14113
14114
14115
14117
14124
14129
14134
14095
14096
14101
14106
14107
14111
14073
14038
14040
14052
14061
14062
14029
14030
14090
14003
14004
14007
14009
14016
14017
14033
14036
14041
14043
14044
14125
14126
14130
14097
14099
14102
14108
14075
14059
14065
14084
14088
14002
14023
14133
14141
14000
13992
13964
13953
13934
13923
13897
13872
13870
13795
13800
13799
13801
13798
13796
13797
13793
13791
13772
13786
13710
13754
13709
13681
13680
13679
13570
13569
13568
13567
13566
13565
13564
12204
12203
13499
12202
12201
12200
12199
12198
11136
11135
11134
11133
10933
10932
10931
10981
10930
10929
10862
10861
10860
10859
10848
10834
10815
10758
10748
10733
10723
10704
10696
10692
10685
10678
10128
10118
10101
10088
10086
10082
10015
9874
