30120055
30118325
30114551
30109215
30109404
30110225
30105831
30105169
30104405
30104376
30101502
30102678
30102443
30099522
30098863
30091530
30090194
30090490
30089528
30087719
30086620
30085637
30085130
30079511
30078426
30074929
30073515
30073417
30073072
30072158
30072637
30070632
30069437
30067581
30066634
30066357
30065795
30065727
30065483
30065329
30064459
30064280
30063697
30063324
30061037
30060376
30060457
30059950
30059769
30059290
30058214
30058117
30058106
30057516
30057469
30057438
30057198
30057180
30056625
30056451
30056421
30056317
30056288
30055980
30055876
30055824
30055645
30055601
30055390
30055263
30055136
30055051
30054701
30054587
30054004
30053952
30054066
30053616
30053571
30053570
30053516
30053236
30053038
30053006
30052989
30052601
30052648
30052466
30052249
30052205
30052232
30052178
30052240
30051918
30051810
30051614
30051779
30051723
30051429
30051372
30050707
30050748
30050598
30050414
30050374
30050379
30050196
30050150
30050145
30050059
30050018
30050106
30049760
30049701
30049728
30048694
30048976
30048487
30047717
30048047
30047856
30047854
30047469
30047216
30047444
30046801
30046747
30046746
30046455
30046456
30045587
30046347
30045978
30045831
30045523
30045183
30045039
30044880
30044090
30044019
30043786
30043392
30043456
30043288
30043132
30042911
30042120
30042826
30042461
30041962
30042160
30041860
30041660
30040977
30041714
30041399
30041197
30041082
30040900
30040867
30039544
30039409
30039381
30039342
30039316
30038949
30038811
30038917
30036583
30036208
30036130
30036111
30036053
30036013
30035959
30035916
30035900
30035897
30035797
30035720
30035650
30035479
30034744
30035015
30035096
30035101
30034994
30027669
30034652
30034762
30034583
30034452
30034381
30034391
30034379
30034294
30033443
30034000
30033818
30033820
30033445
30033274
30033072
30032263
30032797
30032749
30032722
30031902
30032464
30032463
30032317
30032262
30032287
30031277
30031752
30031858
30031497
30031399
30031276
30031180
30030960
30030617
30029961
30029677
30029895
30029636
30029832
30029731
30029692
30029490
30029370
30029299
30029298
30027623
30029067
30028904
30028874
30028441
30028483
30028220
30026757
30028180
30028166
30027621
30027552
30026834
30026759
30026756
30026605
30026644
30026614
30026590
30026470
30026422
30026420
30026287
30026009
30026082
30026175
30026089
30025933
30026039
30025950
30025846
30025869
30025805
30025611
30025426
30025418
30025436
30025406
30025214
30025328
30025142
30025075
30025021
30024936
30024856
30024627
30024810
30024731
30024513
30024402
30024164
30023687
30022970
30022889
30022890
30022861
30022880
30022866
30022814
30022808
30022807
30022806
30022774
30022768
30022771
30022740
30022737
30022661
30022619
30022615
30022621
30022600
30022577
30022351
30022354
30022335
30022318
30022266
30022200
30022174
30022159
30022138
30022137
30021858
30021236
30020866
30020850
30020845
30002199
