30036083
30035293
30032477
30032032
30031296
30031121
30030910
30028091
30030294
30030540
30027687
30027304
30027966
30025925
30028002
30027959
30027158
30025801
30025010
30024347
30023467
30023350
30022835
30019591
30019860
30019405
30018265
30017871
30017722
30017516
30017389
30017270
30017161
30016382
30016272
30015826
30016190
30015804
30016025
30015803
30015295
30014080
30012736
30013319
30013260
30012385
30012146
30011803
30010149
30010165
30010433
30010162
30009758
30009255
30009050
30008900
30007900
30008782
30008490
30008317
30008431
30007723
30008267
30008239
30008062
30007881
30007855
30007882
30007690
30007514
30007436
30007431
30007377
30007083
30007033
30006993
