30052193
30050443
30050163
30049610
30048841
30047637
30047218
30043522
30035522
30034438
30040475
30040470
30039120
30039099
30035832
30035037
30035036
30033913
30034357
30034531
30034351
30034354
30033175
30032599
30033841
30033942
30033769
30033481
30032889
30032882
30032422
30031175
30029659
30031173
30031851
30031891
30032024
30031890
30031889
30031870
30028778
30031082
30031340
30030904
30031025
30029877
30031234
30031024
30030821
30029590
30030823
30031027
30030926
30028088
30030793
30030792
30027897
30030327
30030326
30030003
30030002
30029970
30029620
30029946
30028977
30029600
30029522
30029584
30029585
30029408
30028614
30029303
30029090
30027301
30027071
30028937
30028938
30028834
30028843
30027502
30028277
30028043
30026294
30028134
30028036
30026292
30028112
30025945
30027871
30027981
30027253
30027909
30027908
30027240
30024749
30027762
30027464
30027411
30027343
30027001
30027177
30027159
30027087
30027014
30026654
30026276
30026333
30025648
30025366
30019358
30025171
30025041
30025000
30024831
30024760
30024709
30024663
30024578
30024451
30023406
30023801
30024371
30019389
30023817
30023818
30023794
30023795
30023231
30023312
30018815
30020543
30019508
30019524
30019046
30018459
30019075
30019287
30018491
30018937
30018564
30018547
30018450
30018267
30018261
30018106
30018079
30017923
30017900
30017883
30017273
30017221
30017176
30016460
30016686
30016522
30016566
30016437
30016281
30016275
30016204
30016203
30016071
30016026
30016023
30015958
30015480
30015432
30015430
30015433
30015434
30015170
30014061
30014052
30011935
30014083
30014175
30013947
30013706
30013594
30013607
30013073
30012883
30012804
30012600
30012419
30010570
30010569
30011225
30011529
30010568
30010567
30011160
30010566
30010565
30010446
30010113
30010114
30009977
30009556
30009342
30009051
30009093
30008816
30008515
30008692
30008682
30008681
30008517
30008518
30008516
30008513
30008514
30008600
30008441
30008440
30008563
30008500
30008448
30008233
30008370
30008252
30008248
30008194
30008171
30007851
30007852
30007214
30007202
30007193
30007164
30007081
30006897
30006898
30006880
30006877
30006866
30006860
30006750
30006674
30006631
30006609
30006590
30006563
30006516
30006483
30006438
30006430
30006420
30006421
30006307
30006170
30006199
30006157
30006162
30006122
30006123
30006106
30006056
30006081
30006058
30006057
30005970
30005935
30005861
30005651
30005691
30005703
30005701
30005644
30005626
30005584
30005599
30005545
30005567
30005555
30005552
30005281
30005214
30005003
30004651
30003995
30004252
30004230
30004116
30004009
30003967
30003972
30003909
30003961
30003968
30003739
30003788
30003298
30003370
30003299
30003255
