30053618
30052238
30052116
30049814
30049217
30035955
30033854
30033614
30033202
30033032
30031249
30031043
30031248
30030335
30028235
30027490
30022728
30022645
30022136
30022135
30022101
30022026
30022048
30022027
30022025
30022024
30022003
30021993
30021994
30021998
30021988
30021992
30021987
30021990
30021980
30021979
30021975
30021952
30021969
30021956
30021955
30021863
30021862
30021846
30021812
30021851
30021838
30021809
30021830
30021807
30021815
30021806
30021803
30021787
30021793
30021789
30021771
30021776
30021760
30021758
30021754
30021748
30021752
30021730
30021721
30021727
30021725
30021692
30021718
30021713
30021717
30021680
30021689
30021672
30021685
30021696
30021677
30021673
30021652
30021627
30021637
30021618
30021629
30021616
30021608
30021606
30021598
30021609
30021593
30021603
30021580
30021583
30021571
30021546
30021531
30021550
30021548
30021542
30021516
30021527
30021511
30021507
30021499
30021493
30021503
30021498
30021488
30021489
30021403
30021391
30021383
30021370
30021390
30021396
30021343
30021369
30021363
30021342
30021335
30021311
30021299
30021286
30021281
30021256
30021240
30021226
30021215
30021223
30021217
30021205
30021218
30021209
30021175
30021176
30021138
30021150
30021144
30021136
30021137
30021109
30021125
30021101
30021102
30021038
30021024
30021018
30021011
30021005
30021006
30020929
30020913
30020912
30020894
30020892
30020867
30020862
30020858
30020824
