30082506
30072516
30074389
30072217
30069735
30068985
30068389
30068502
30067807
30066533
30065940
30065496
30065205
30065230
30065071
30064902
30064409
30064825
30064773
30064559
30064557
30064407
30064248
30064223
30063830
30063111
30063950
30063947
30063946
30063800
30063669
30063529
30063523
30063443
30063444
30063406
30063293
30063314
30063289
30063104
30062424
30062958
30062571
30062496
30062824
30062808
30062422
30062423
30062444
30061975
30058583
30062406
30061099
30061984
30061920
30058582
30061803
30061802
30061751
30061230
30061121
30060957
30060953
30060964
30060952
30060865
30060523
30060322
30060031
30059738
30059970
30059871
30059781
30059761
30059772
30059754
30059614
30058280
30056908
30059341
30059334
30059181
30058958
30058932
30058867
30058698
30058696
30058279
30058705
30058592
30058510
30058336
30057938
30056683
30057473
30057452
30056430
30057228
30057100
30056965
30055739
30056954
30056711
30056658
30056085
30055738
30055534
30056136
30056076
30055555
30056026
30055998
30055940
30055783
30055622
30055791
30055785
30055145
30055669
30055652
30055458
30055617
30055546
30055305
30055430
30055429
30055520
30055304
30055400
30055425
30055418
30055421
30055387
30055332
30055301
30055274
30055299
30055211
30055176
30055137
30055134
30055129
30055099
30055107
30054903
30055071
30055070
30055075
30055050
30055043
30055012
30054844
30054760
30054845
30054911
30054831
30054872
30054830
30054742
30054200
30054550
30054047
30054638
30053539
30054657
30054226
30054176
30054371
30054087
30054537
30054193
30053991
30054511
30054222
30053819
30054251
30054439
30053370
30054249
30054179
30053978
30054146
30054029
30053841
30053751
30053785
30053740
30053791
30053844
30053798
30053853
30053843
30053765
30053726
30053665
30053666
30053452
30053550
30053519
30053497
30053414
30053247
30053380
30053019
30053255
30053079
30053256
30053233
30053146
30052575
30053172
30053175
30053173
30053162
30052971
30053068
30053043
30052900
30052929
30052935
30052881
30052820
30052585
30052835
30052792
30052679
30052012
30052429
30052525
30052584
30051726
30052544
30052004
30052501
30052461
30052455
30052421
30052375
30052220
30052177
30052293
30051994
30052261
30052254
30052092
30052206
30051939
30052190
30051667
30052163
30052104
30052093
30052086
30052074
30052066
30051917
30051981
30051654
30051665
30051648
30051529
30051635
30052039
30051602
30051636
30051632
30051931
30051858
30051634
30051909
30051903
30051628
30051811
30051183
30051902
30051899
30051629
30051748
30051775
30051799
30051762
30051686
30051697
30051589
30051557
30051052
30051530
30051153
30051306
30051353
30051434
30050554
30051320
30051439
30051233
30051212
30051225
30051035
30051245
30051314
30051221
30051284
30051235
30051302
30051274
30050998
30050920
30050959
30050814
30051231
30051144
30051243
30051207
30051123
30050493
30050942
30050929
30050757
30050820
30050905
30050829
30050666
30050715
30050699
30050050
30050628
30050470
30050593
30050584
30050075
30050467
30050547
30050322
30050424
30049787
30050357
30050273
30050290
30050227
30050120
30050153
30050177
30050040
30049456
30050056
30049985
30049788
30049915
30049883
30049833
30049839
30049826
30049664
30049683
30049762
30049739
30049737
30049539
30049455
30049665
30049330
30048771
30048768
30049255
30049383
30048720
30048809
30049376
30049407
30049349
30048607
30048518
30049317
30049263
30049261
30048929
30048939
30048656
30048506
30049175
30049025
30049173
30049119
30048531
30048532
30048827
30048787
30047867
30048890
30047767
30048813
30044710
30048609
30048507
30048575
30046592
30048468
30048346
30047638
30048454
30048488
30047620
30048395
30048408
30048404
30048359
30048380
30048275
30047615
30047571
30048117
30047894
30048132
30047324
30047323
30047322
30047923
30046581
30047910
30048052
30047763
30047503
30048054
30046854
30047758
30047911
30047613
30047879
30047474
30047614
30047584
30047580
30047321
30047320
30047319
30047343
30047296
30047001
30047315
30047187
30047030
30047193
30047048
30046993
30046956
30047059
30047043
30046986
30046901
30046774
30046826
30046893
30046683
30046667
30046822
30046756
30046816
30046625
30046736
30045232
30046615
30046671
30046675
30046673
30046674
30046672
30046495
30045786
30046342
30046364
30046427
30046423
30046288
30046404
30046178
30046279
30046295
30046203
30045870
30046211
30046209
30046212
30045854
30046049
30045970
30045979
30045962
30045912
30045649
30045902
30045844
30045822
30045771
30045828
30045754
30045594
30045211
30045396
30045534
30045493
30045511
30045338
30045451
30038591
30045311
30044617
30045242
30045065
30045070
30045012
30044079
30045068
30044952
30044943
30044840
30044675
30044778
30044645
30044605
30044585
30044481
30044434
30043772
30044134
30044435
30044285
30043462
30044010
30043907
30043867
30043741
30043820
30043742
30043788
30043537
30043676
30043287
30043685
30043582
30042865
30042864
30043074
30043424
30043473
30042111
30042989
30043137
30043054
30043091
30042988
30042987
30043173
30042707
30042354
30042954
30042837
30039513
30042828
30042781
30041548
30042694
30042318
30042494
30042353
30042396
30042298
30042090
30040920
30042125
30042210
30041328
30042073
30041027
30041327
30041873
30041861
30041521
30041413
30041673
30041674
30041566
30041644
30041494
30041492
30041515
30041491
30041424
30041430
30041405
30041311
30041388
30041357
30041279
30041284
30041288
30041302
30041301
30041257
30041240
30041277
30041211
30041245
30040891
30039457
30040987
30040979
30040682
30040827
30040948
30040837
30040854
30040838
30040826
30039461
30039551
30039598
30039524
30039435
30039520
30039490
30039356
30036242
30035393
30036174
30038850
30038189
30038804
30038829
30038622
30036436
30036115
30038188
30038174
30038185
30036430
30036566
30036428
30036321
30036305
30035031
30036243
30036146
30036124
30036125
30036134
30035689
30035224
30036099
30035688
30036037
30035352
30035985
30035954
30035958
30035970
30035935
30035910
30035619
30035872
30035618
30035864
30035863
30035862
30035861
30035837
30035778
30035750
30035351
30035771
30034676
30035656
30035692
30035684
30035184
30033215
30035181
30035446
30035377
30035362
30035317
30035185
30035158
30035065
30033372
30035083
30034528
30035011
30034955
30034949
30034761
30033057
30034757
30033177
30034707
30034705
30034686
30034660
30034607
30034650
30034608
30034558
30034555
30034543
30034535
30034505
30034394
30034378
30034374
30033842
30034221
30034292
30034198
30034157
30033013
30033974
30033279
30033831
30032585
30033752
30031714
30033710
30033623
30033672
30033645
30033562
30033610
30033591
30033561
30033526
30033482
30033444
30033408
30033115
30033230
30032311
30029968
30032560
30029668
30030454
30032698
30032743
30032567
30032690
30032754
30032881
30028069
30032758
30032855
30032746
30032723
30027072
30032383
30032813
30032725
30032598
30032667
30032595
30032310
30032531
30032530
30031595
30032490
30029844
30032360
30032425
30032245
30032256
30031103
30032241
30032197
30032105
30029989
30030068
30032103
30032086
30031389
30032029
30031940
30031920
30031407
30031936
30029880
30028779
30031903
30031892
30031857
30031388
30031672
30031723
30031601
30031630
30031607
30029967
30030634
30029765
30031102
30031314
30031384
30031193
30027122
30030676
30031258
30030681
30030325
30030680
30030679
30031048
30030950
30028070
30030967
30030678
30030636
30029052
30030677
30030576
30028359
30027238
30030503
30030444
30029679
30030410
30028616
30030235
30028605
30030067
30028995
30027732
30029825
30028979
30029700
30029353
30029459
30029207
30029215
30029695
30029634
30029553
30028299
30029572
30029442
30029300
30029356
30029234
30029248
30027254
30027699
30029098
30029060
30028459
30029069
30028458
30028457
30028456
30028835
30028768
30028454
30028586
30028579
30028455
30028589
30028551
30028170
30028293
30028292
30028480
30028428
30028355
30028245
30028182
30028244
30028140
30028123
30026460
30028117
30028100
30028031
30027789
30027913
30027906
30026409
30026661
30027867
30027594
30027214
30027521
30027515
30027394
30026628
30025460
30026675
30026875
30027029
30026863
30025943
30026910
30026824
30026274
30026604
30026730
30026569
30026750
30026512
30026633
30026634
30026545
30026556
30026574
30026400
30026555
30026523
30026521
30026337
30026273
30026522
30023832
30026309
30026424
30026121
30026399
30026278
30026227
30026344
30026199
30026177
30025442
30026176
30026090
30026059
30026119
30025830
30025928
30026022
30025760
30025963
30025456
30025848
30025783
30025665
30025690
30024748
30025506
30025593
30023416
30024867
30025357
30025311
30025327
30025288
30025322
30025231
30025289
30025207
30025195
30025182
30025154
30025030
30025132
30025050
30024523
30025020
30025046
30024417
30024989
30024931
30024927
30024987
30024859
30024848
30024855
30024877
30024816
30024428
30024656
30024599
30024598
30024546
30024385
30024432
30024407
30024311
30024271
30024182
30024216
30024214
30023237
30024201
30023776
30024114
30024060
30020542
30023796
30023235
30023508
30023732
30023730
30023688
30023696
30023565
30019357
30023402
30023536
30023389
30023293
30023100
30022361
30021425
30019864
30019403
30019557
30020541
30019551
30019521
30019141
30019351
30019509
30017917
30019406
30019471
30019385
30019143
30019281
30019284
30019211
30019153
30019140
30019025
30019027
30019005
30017513
30019002
30018939
30018744
30018869
30018938
30018803
30018708
30018761
30018706
30018650
30018681
30018440
30018531
30018566
30018499
30018445
30018387
30018347
30018239
30018238
30017983
30018151
30018077
30018068
30018045
30018067
30018050
30017966
30017985
30017968
30017930
30017955
30017920
30017932
30017811
30017916
30017870
30017911
30017912
30017887
30017878
30017910
30017876
30017842
30017863
30017784
30017651
30017566
30017600
30017601
30017650
30017559
30017558
30017476
30017431
30017493
30017452
30017450
30017412
30017160
30017387
30017246
30017388
30017383
30017382
30017394
30017378
30017357
30017323
30015825
30016685
30017189
30017178
30017084
30015823
30016719
30017080
30017061
30017030
30016911
30016910
30016918
30016883
30016841
30016609
30016832
30016833
30016735
30016734
30016733
30016732
30016810
30016632
30016664
30016718
30016369
30016567
30016608
30016624
30016623
30015583
30015582
30016595
30016594
30016593
30016592
30016461
30016501
30016525
30016502
30016363
30016463
30016497
30016447
30016370
30016390
30016368
30016311
30016236
30016372
30016251
30016235
30016233
30016208
30016206
30015488
30016224
30016209
30016207
30016216
30016191
30015957
30016107
30016079
30016101
30016078
30016022
30015986
30015832
30015931
30015936
30015850
30015719
30015857
30015866
30015853
30015820
30015821
30015757
30015729
30015735
30015725
30015680
30015548
30015444
30015438
30015349
30015321
30015252
30015251
30015265
30015159
30014874
30014873
30014659
30014703
30014640
30014723
30014632
30013532
30013374
30014541
30014430
30014456
30014290
30014327
30014328
30014284
30014217
30014082
30014079
30014096
30014010
30014051
30013935
30013885
30013794
30013786
30013776
30012544
30012542
30013685
30013639
30013718
30013465
30013464
30013470
30013597
30013466
30012893
30013388
30012543
30013316
30013314
30013313
30013331
30013296
30012229
30013067
30013075
30012067
30012674
30012660
30012183
30012632
30012540
30012459
30012458
30012315
30012201
30011474
30012203
30011484
30011911
30011229
30011671
30011604
30011518
30011226
30011477
30011378
30011342
30011241
30010909
30010910
30010902
30010842
30010480
30010704
30010728
30010249
30010548
30010478
30010479
30010115
30010455
30010410
30010112
30009851
30010116
30010027
30009850
30009870
30009434
30009759
30009740
30009337
30009606
30009410
30009239
30009235
30009251
30009180
30009101
30008942
30008962
30008843
30007918
30007886
30008639
30008598
30008650
30008512
30008290
30008291
30008240
30008038
30008098
30008061
30007854
30007810
30007552
30007504
30007511
30007455
30007417
30007341
30007311
30007218
30007217
30007173
30007171
30007172
30007197
30007084
30007082
30007079
30007028
30007040
30007008
30007003
30006994
30006914
30006940
30006915
30006892
30006863
30006794
30006737
30006736
30006721
30006259
30006257
