30119422
30118084
30115799
30115570
30114841
30113778
30113777
30114648
30112810
30113598
30113998
30112630
30113495
30112926
30113160
30113238
30112463
30112623
30112534
30111726
30111996
30110916
30111446
30107427
30109461
30108194
30109582
30108356
30107759
30107575
30106903
30106141
30105578
30106916
30106897
30106762
30106770
30105410
30105733
30104419
30102956
30103022
30102263
30102274
30101505
30102438
30102382
30100273
30100119
30098948
30099186
30097907
30098395
30097582
30094612
30095683
30095496
30095023
30094621
30093586
30093468
30093581
30093563
30093366
30092576
30093279
30091868
30091711
30092804
30091081
30091662
30091975
30092150
30091028
30091642
30091651
30090881
30090004
30090505
30090883
30090278
30090220
30088823
30088979
30088932
30088635
30088503
30088255
30088345
30087722
30087583
30087665
30086619
30086966
30085808
30086779
30086115
30085305
30086260
30085361
30085745
30085853
30085303
30083524
30083736
30083661
30083894
30083325
30079878
30078581
30078212
30077475
30076738
30073601
30076564
30075953
30075623
30074989
30074669
30074382
30073738
30073402
30073516
30073744
30072607
30072924
30072970
30072899
30073200
30072476
30072165
30071951
30071778
30072012
30071743
30069447
30070923
30070635
30070719
30069564
30070416
30070219
30069565
30070046
30068825
30068824
30069875
30069996
30068818
30069206
30068837
30068624
30068822
30069291
30069150
30069151
30068680
30068470
30068794
30068414
30068360
30068092
30068185
30067874
30067861
30067755
30067670
30067598
30067294
30066307
30066342
30066678
30066680
30066354
30066064
30065662
30064861
30065513
30065231
30065539
30065409
30065332
30065194
30065162
30064627
30064507
30064810
30064290
30064482
30064479
30064325
30064623
30064397
30064295
30064230
30064185
30064171
30064184
30064068
30063803
30063753
30063799
30063534
30063513
30063473
30063327
30063326
30063159
30063075
30063085
30063081
30063083
30063038
30062891
30062742
30062873
30062688
30062872
30062602
30062539
30062744
30062529
30062457
30062561
30062472
30061903
30061928
30062169
30061325
30061536
30060951
30061401
30061959
30061535
30061747
30061634
30061738
30061794
30061548
30061491
30060993
30061165
30061046
30060894
30060584
30060900
30060650
30060617
30060240
30060638
30060461
30058580
30060428
30060371
30060258
30060049
30060283
30060127
30060300
30060241
30060430
30060384
30059810
30060202
30058579
30059937
30060020
30059972
30059954
30059938
30059860
30059752
30059671
30059487
30058578
30059662
30059359
30059469
30059141
30059370
30059151
30059156
30059263
30059021
30058925
30059027
30058880
30058900
30058697
30058868
30058844
30058700
30058702
30058662
30058813
30058499
30058465
30058534
30058529
30058281
30058356
30058457
30058324
30058276
30058231
30058161
30056899
30057934
30057935
30057892
30057933
30057754
30057796
30057690
30057752
30057740
30057705
30057608
30057589
30057612
30057568
30057225
30057206
30057250
30057005
30056704
30056896
30056968
30056738
30056703
30056686
30056636
30056473
30056429
30056537
30056450
30056431
30056506
30056270
30056162
30056152
30056084
30056130
30056128
30056067
30055873
30055958
30055737
30055957
30055926
30055841
30055850
30055851
30055716
30055821
30055818
30055649
30055532
30055655
30055708
30055556
30055596
30055568
30055291
30055554
30055512
30055504
30055475
30055552
30055467
30055545
30055404
30055401
30055141
30055442
30055372
30055378
30055379
30055357
30055237
30055213
30055128
30055203
30055210
30055209
30054683
30055082
30055115
30055081
30055106
30055067
30055087
30054780
30055062
30054990
30055001
30054923
30055040
30055000
30054986
30055008
30054981
30054890
30054808
30054796
30054821
30054799
30054781
30053916
30054779
30054711
30054743
30054740
30054212
30054175
30054192
30054583
30054601
30054166
30054198
30054211
30054377
30054174
30054225
30054275
30053988
30054191
30054165
30054406
30054078
30054403
30054330
30054365
30054154
30054256
30054221
30054216
30053803
30054171
30054143
30054056
30053935
30053872
30053776
30053774
30053369
30053755
30053772
30053790
30053332
30053720
30053729
30053606
30053693
30053698
30053602
30053603
30053524
30053464
30053353
30053337
30053315
30053253
30053067
30053001
30052997
30052974
30052970
30052985
30052493
30052817
30052574
30052727
30052841
30052666
30052659
30052550
30052524
30052578
30052406
30052422
30052539
30052555
30052533
30052520
30052532
30052456
30052397
30052428
30052467
30052394
30052408
30052366
30052352
30052323
30052265
30052313
30052285
30052003
30052188
30052203
30052067
30052111
30052102
30052075
30052052
30051584
30051840
30051940
30051877
30051890
30051668
30051948
30051666
30051936
30051822
30051664
30051815
30051663
30051798
30051659
30051801
30051582
30051601
30051657
30051769
30051720
30051824
30051661
30051649
30051710
30051605
30051583
30051528
30051519
30051495
30051481
30051526
30051525
30051413
30051459
30051474
30051418
30051355
30051050
30051291
30051036
30051304
30051303
30051040
30051241
30051224
30051211
30051206
30051121
30051165
30051037
30051048
30050974
30050994
30050977
30050971
30050548
30050961
30050940
30050817
30050349
30050755
30050569
30050693
30050599
30050566
30049697
30050348
30050336
30050419
30050249
30050328
30050404
30050155
30049837
30050180
30050008
30050230
30050184
30050223
30050073
30050041
30050019
30050149
30049960
30049846
30049918
30050038
30049840
30049830
30049759
30049523
30049752
30049750
30049709
30049491
30049475
30049682
30049666
30049429
30049667
30049668
30049756
30049609
30049608
30049723
30049559
30049338
30049489
30049570
30049560
30049446
30049548
30049448
30049346
30049319
30049312
30049248
30048940
30049298
30049351
30049347
30049257
30049259
30048767
30048476
30048770
30049218
30048808
30049169
30049038
30049002
30048606
30048917
30049116
30048721
30048710
30048655
30048648
30048815
30048662
30048554
30048579
30048515
30048600
30048595
30048459
30048371
30047872
30048293
30048243
30047868
30048050
30048013
30048017
30047996
30047866
30047757
30047459
30047873
30047634
30047990
30047439
30047472
30047294
30047311
30047033
30047082
30047310
30047250
30047177
30046903
30046941
30046981
30046930
30045841
30046653
30046790
30046019
30046412
30046454
30046458
30046500
30046373
30046272
30046408
30046181
30046407
30046164
30046214
30046089
30046042
30046030
30045547
30046048
30046025
30045947
30045959
30045635
30045911
30045899
30045836
30045701
30045853
30045620
30045733
30045638
30045651
30045677
30045758
30045697
30045572
30045332
30045095
30045436
30045486
30043953
30045466
30045246
30045351
30045298
30045139
30045030
30045137
30044990
30044842
30044833
30044396
30044693
30044751
30042136
30044649
30044592
30044694
30044504
30044479
30044590
30044284
30044575
30043853
30044450
30044143
30044148
30043909
30044138
30043912
30044023
30044047
30043070
30043693
30043766
30043588
30043848
30043454
30043652
30043482
30043378
30043339
30043348
30043135
30042739
30042542
30043148
30043170
30043109
30042920
30042902
30042684
30042621
30042690
30042370
30042406
30042535
30042677
30042278
30042503
30042397
30042408
30042297
30042198
30041978
30038590
30042123
30041980
30042175
30041982
30041847
30041796
30041935
30041822
30034510
30041689
30041672
30041378
30041603
30041377
30041662
30041380
30041271
30041394
30041427
30041300
30041223
30041192
30041231
30041054
30041274
30041251
30041049
30041205
30041100
30041206
30041045
30040899
30040958
30039510
30040801
30040476
30040802
30039595
30039503
30039097
30039405
30039422
30039385
30039382
30039379
30039387
30039348
30039095
30039040
30038960
30038843
30036003
30038650
30036561
30036444
30036344
30036113
30036173
30036280
30036261
30036304
30036240
30036283
30036255
30036251
30036253
30036212
30036221
30033648
30036164
30036096
30035966
30035999
30035918
30035926
30035919
30034745
30035876
30035953
30035753
30035835
30035639
30035551
30035222
30035616
30035770
30035615
30035470
30035636
30035571
30035581
30035621
30035432
30035402
30035478
30035380
30035282
30035403
30035279
30035194
30035294
30035281
30035168
30034012
30035038
30035100
30035039
30035060
30035061
30034551
30034763
30034936
30034754
30034809
30034935
30034727
30034723
30034454
30034726
30034749
30034691
30034693
30034694
30034338
30034601
30034506
30034628
30034627
30034527
30034158
30034581
30034532
30033214
30033174
30034380
30034468
30033621
30031349
30034364
30034310
30034194
30033424
30034179
30034059
30032271
30033825
30033863
30033166
30033667
30033733
30033559
30033056
30033613
30033012
30033055
30033497
30033286
30032676
30033348
30033273
30033317
30033201
30032755
30033290
30033082
30032976
30032975
30033114
30032974
30032973
30032972
30031713
30032717
30032582
30032694
30032668
30032381
30032466
30032239
30032397
30029667
30025462
30031965
30032171
30032167
30032043
30032042
30032041
30031821
30031820
30032046
30032017
30031856
30031927
30031838
30031960
30031926
30031935
30031925
30029843
30031904
30031841
30031859
30031860
30031819
30031406
30031594
30031710
30031777
30031589
30031425
30031432
30028777
30031381
30031577
30031293
30031198
30031380
30031313
30031347
30031267
30030880
30030633
30030930
30029879
30029589
30031146
30031215
30031091
30031068
30030675
30030908
30030907
30030933
30027599
30030878
30030911
30030419
30030711
30028556
30029656
30030336
30030433
30030339
30029890
30030277
30030155
30030323
30029050
30029916
30030158
30030129
30029993
30029571
30029960
30029739
30028604
30028357
30029467
30029446
30029402
30028976
30028629
30029363
30029469
30029367
30029152
30029368
30028703
30029036
30029054
30025851
30028810
30028882
30027881
30028622
30028585
30028526
30027156
30028352
30028294
30026010
30028240
30028261
30028133
30028211
30028040
30028106
30028135
30027891
30028109
30027859
30027856
30025944
30027850
30027237
30027974
30028012
30027866
30027771
30026167
30027624
30027597
30027531
30027377
30027476
30027100
30027384
30027379
30027293
30027106
30026408
30027051
30027019
30027164
30026659
30026911
30026983
30025458
30026837
30026030
30026962
30026636
30026726
30025886
30026376
30026632
30026310
30026425
30026380
30026443
30026494
30026404
30025956
30026392
30026170
30026166
30026165
30026200
30026171
30026164
30026163
30026162
30026161
30026155
30025996
30025964
30025857
30025992
30025807
30025407
30025576
30025726
30025649
30025480
30025613
30025657
30025596
30025359
30025415
30025592
30025414
30025421
30025250
30025320
30024911
30025015
30025216
30025208
30025161
30025138
30025037
30024915
30023412
30025045
30024960
30025038
30024815
30025029
30025004
30024999
30024873
30024821
30024762
30024700
30024416
30024666
30024558
30024623
30024659
30024616
30024592
30024520
30024493
30024467
30024427
30024061
30024426
30024452
30022997
30024272
30024262
30024116
30023104
30024118
30024206
30024202
30024203
30024058
30024039
30024012
30024017
30023787
30023651
30023982
30023974
30023812
30023504
30023324
30023750
30023556
30023557
30023423
30023559
30023686
30023234
30023226
30023468
30023201
30022994
30023200
30022990
30023012
30023004
30022971
30022987
30022998
30022925
30022968
30022984
30022963
30022938
30022975
30022962
30022939
30022944
30022942
30022932
30022931
30023030
30022928
30022891
30022900
30022897
30022895
30022887
30022894
30022888
30022877
30023020
30022878
30022884
30022875
30022886
30022873
30022860
30022864
30022865
30022868
30022813
30022802
30022816
30022745
30022764
30022790
30022797
30022788
30022787
30022780
30022775
30022781
30022762
30022784
30022778
30022758
30022760
30022718
30022765
30022754
30022770
30022761
30022756
30022741
30022757
30022742
30022755
30022750
30022749
30022753
30022734
30022714
30022746
30022748
30022735
30022744
30022736
30022716
30022687
30022707
30022699
30022698
30022710
30022686
30022702
30022696
30022662
30022657
30022655
30022651
30022654
30022652
30022635
30022637
30022638
30022643
30022624
30022627
30022617
30022613
30022603
30022543
30022609
30022542
30022561
30022584
30022580
30022585
30022546
30022587
30022567
30022545
30022575
30022583
30022570
30022568
30022569
30022564
30022555
30022560
30022556
30022553
30022554
30022549
30022552
30022551
30022313
30022352
30022344
30022347
30022332
30022336
30022312
30022334
30022330
30022325
30022324
30022327
30022311
30022316
30022321
30022328
30022310
30022315
30022256
30022308
30022304
30022305
30022302
30022297
30022295
30022291
30022287
30022281
30022460
30022252
30022263
30022257
30022228
30022229
30022232
30022158
30022222
30022233
30022226
30022227
30022224
30022223
30022212
30022215
30022214
30022211
30022210
30022194
30022209
30022199
30022204
30022170
30022208
30022172
30022201
30022189
30022188
30022178
30022175
30022153
30022171
30022173
30022164
30022163
30022148
30022165
30022139
30022141
30022161
30022151
30022150
30022134
30022133
30022125
30022121
30022126
30022127
30022120
30022118
30022106
30022105
30022107
30022103
30022097
30022094
30022096
30022070
30022093
30022090
30022069
30022068
30022081
30022071
30022064
30022078
30022046
30022075
30022050
30022052
30022045
30022043
30022053
30022039
30022021
30022020
30022036
30022033
30022030
30022034
30022009
30022007
30022017
30022016
30021986
30022006
30022000
30021996
30021995
30021985
30021982
30021953
30021976
30021970
30021971
30021968
30021967
30021960
30021961
30021962
30021957
30021842
30021861
30021860
30021853
30021841
30021839
30021850
30021848
30021826
30021805
30021811
30021834
30021781
30021832
30021824
30021833
30021804
30021821
30021801
30021818
30021799
30021813
30021795
30021791
30021785
30021778
30021780
30021774
30021775
30021786
30021773
30021772
30021759
30021757
30021745
30021746
30021735
30021739
30021740
30021737
30021712
30021741
30021722
30021701
30021703
30021723
30021710
30021700
30021709
30021704
30021708
30021690
30021691
30021688
30021681
30021698
30021671
30021683
30021674
30021682
30021645
30021663
30021644
30021630
30021626
30021661
30021639
30021640
30021641
30021636
30021635
30021632
30021605
30021614
30021623
30021613
30021615
30021611
30021594
30021601
30021602
30021604
30021585
30021595
30021505
30021596
30021555
30021584
30021910
30021587
30021562
30021574
30021558
30021532
30021545
30021524
30021513
30021523
30021501
30021504
30021481
30021362
30021380
30021376
30021345
30021347
30021358
30021352
30021332
30021346
30021300
30021328
30021301
30021324
30021291
30021283
30021293
30021255
30021239
30021260
30021261
30021250
30021238
30021245
30021221
30021253
30021213
30021224
30021216
30021206
30021211
30021208
30021202
30021191
30021197
30021195
30021117
30021106
30021072
30021004
30020952
30020947
30020937
30020918
30020919
30020883
30020868
30020855
30002194
30002183
