30113090
30112236
30112535
30110483
30110353
30109573
30102680
30098241
30102491
30100114
30099141
30097294
30098047
30098240
30098665
30096681
30098394
30096412
30095509
30094068
30092603
30092656
30091684
30092334
30091715
30091082
30092311
30092310
30090910
30090886
30089203
30089530
30088562
30087721
30085144
30082423
30079282
30079715
30076631
30074309
30073802
30073777
30071576
30069031
30070318
30068893
30069236
30068109
30068016
30067969
30068099
30066688
30066887
30067170
30066815
30065798
30065896
30065158
30064996
30064804
30064562
30064645
30064303
30064030
30064085
30063940
30064182
30063371
30063490
30063337
30062761
30062596
30062818
30062394
30062441
30062387
30061819
30061859
30060946
30061196
30060831
30061527
30061105
30060999
30061396
30058581
30060800
30059365
30060688
30060506
30060424
30060484
30060036
30059882
30059935
30059753
30059701
30059634
30059353
30059251
30059243
30058433
30058481
30058379
30058316
30058241
30058069
30058115
30057764
30057750
30057422
30057148
30057044
30056949
30056760
30056094
30055986
30055721
30055637
30055758
30055621
30055470
30055383
30055177
30055088
30055041
30054893
30054785
30054199
30054725
30054630
30054714
30053964
30054085
30054417
30054045
30054386
30054141
30053962
30054036
30054064
30053893
30053862
30053855
30053850
30053846
30053906
30053882
30053789
30053724
30053721
30053461
30053607
30053563
30053621
30053467
30053366
30053441
30052964
30053210
30053296
30053163
30053308
30053174
30053115
30053045
30053018
30052884
30052728
30052729
30052599
30052216
30052289
30052612
30052327
30052436
30052349
30052382
30052011
30052304
30052319
30052333
30052284
30052212
30052277
30052180
30052147
30052146
30052082
30051993
30051916
30051870
30051906
30051590
30051568
30051694
30051371
30051759
30051681
30051760
30051607
30051496
30051531
30051181
30051400
30051378
30051425
30051368
30051407
30051558
30051401
30051546
30051466
30051483
30051479
30051473
30051349
30051375
30051114
30051321
30050931
30051210
30050810
30051124
30051084
30051151
30051092
30051038
30051064
30050997
30051041
30050957
30050982
30050984
30050989
30051023
30050980
30050985
30050936
30050956
30050207
30050932
30050922
30050744
30050772
30050654
30050698
30050743
30050676
30050619
30050675
30050613
30050203
30050622
30050204
30050561
30050572
30050625
30050496
30050507
30050469
30050498
30050434
30050452
30050429
30050352
30050284
30050353
30049955
30049542
30049894
30049964
30049670
30049789
30049831
30049395
30049767
30049734
30049743
30049494
30049580
30049457
30049549
30049488
30049474
30049532
30049433
30049239
30049394
30049348
30049370
30049364
30049361
30049325
30049246
30049322
30049137
30048883
30049204
30049149
30048987
30049221
30048516
30049172
30049215
30048597
30047661
30049222
30049171
30047666
30048686
30048980
30048933
30048943
30048926
30047712
30047644
30048985
30047738
30048932
30047829
30047828
30047735
30047827
30048665
30048317
30048792
30048752
30048753
30048576
30048807
30048785
30048773
30048535
30047656
30047737
30048485
30046021
30047734
30048481
30048447
30048357
30048302
30047888
30047453
30047865
30048241
30048333
30046694
30047832
30048234
30047702
30048303
30047590
30047527
30047455
30047992
30048116
30048021
30047871
30047519
30047467
30047843
30047522
30047456
30047521
30047409
30047222
30047281
30047354
30047352
30047252
30045848
30047063
30047068
30047163
30046999
30047300
30047292
30047286
30047191
30047025
30047027
30047005
30045689
30046939
30046604
30046836
30046685
30046798
30046664
30046661
30046719
30046681
30046411
30045973
30046301
30046415
30046601
30046497
30046383
30046124
30046294
30046426
30046168
30046223
30046071
30045889
30045886
30045880
30045932
30045933
30045745
30045789
30045564
30045655
30045615
30045559
30045779
30045794
30045356
30045376
30045432
30045284
30045375
30044977
30045000
30044918
30044877
30045101
30044927
30044589
30044553
30044270
30044364
30044242
30043910
30043672
30043830
30043735
30043736
30043367
30043469
30043516
30043428
30043511
30043509
30043416
30043342
30043285
30043220
30042177
30043160
30043002
30042875
30042700
30042487
30042395
30042392
30042309
30042265
30042062
30042085
30042103
30041849
30042024
30041833
30041523
30041478
30041743
30041753
30041625
30040982
30041312
30041220
30041020
30041089
30040881
30040712
30040473
30039574
30040856
30039432
30039402
30039407
30039094
30039124
30039081
30038957
30036290
30038803
30038884
30038621
30038710
30038743
30038805
30036562
30036343
30036289
30036220
30036100
30036048
30036032
30036001
30035962
30035898
30035651
30035228
30033910
30034760
30034751
30033895
30034600
30034559
30034031
30032406
30033747
30032387
30032566
30030819
30030027
30029828
30029665
30028624
30028730
30027424
30024904
30026343
30026403
30026250
30026086
30026111
30026110
30026122
30025802
30025663
30025234
30025440
30025162
30025537
30025077
30024069
30024780
30024735
30023600
30023689
30022904
30022732
30022691
30022357
30022337
30022510
30021399
30021263
30021274
30021233
