30111456
30102567
30102441
30100120
30091862
30091675
30085646
30085167
30083663
30076591
30075934
30074263
30069445
30067458
30067416
30067270
30066531
30065863
30066886
30065627
30065229
30065140
30064625
30064183
30063943
30063291
30063376
30062566
30061882
30061830
30061792
30060985
30060517
30060648
30060516
30060413
30060051
30059023
30058763
30058719
30058577
30058450
30058388
30058372
30057634
30056022
30056008
30055874
30055898
30055825
30055802
30055736
30055715
30055641
30055594
30055563
30055217
30055473
30055472
30055216
30055240
30055335
30055286
30055290
30055215
30055258
30055127
30054739
30054605
30054635
30054544
30054038
30054286
30054475
30054376
30054210
30054173
30054084
30054220
30054197
30054140
30054081
30053987
30054005
30054164
30053961
30054190
30054035
30054051
30054049
30054031
30053911
30053802
30053582
30053368
30053514
30053331
30052780
30052618
30052384
30052358
30052311
30052241
30051991
30052019
30051992
30051716
30051920
30051828
30051834
30051833
30051593
30051585
30051603
30051609
30051527
30051581
30051455
30051454
30051453
30051424
30051350
30051180
30049876
30051049
30051138
30051091
30051010
30051000
30050941
30050882
30050769
30050895
30050927
30050608
30050538
30050614
30050588
30050587
30049696
30050205
30050017
30050131
30050175
30050166
30049822
30049970
30049460
30049487
30049562
30049518
30049375
30049430
30049373
30049242
30049216
30048504
30048786
30048766
30049019
30048475
30048664
30048238
30048156
30048432
30047643
30048145
30048224
30047748
30047739
30048128
30047899
30048019
30047864
30047452
30047526
30047589
30047454
30047425
30047376
30047262
30047188
30046846
30046583
30046669
30046779
30046236
30046405
30046163
30045888
30046087
30046005
30045861
30045977
30045753
30045705
30045737
30045607
30045546
30045600
30045333
30044024
30044988
30043952
30044526
30044516
30043918
30043632
30043223
30039583
30043017
30043104
30042615
30042180
30042513
30042295
30041871
30041325
30040981
30041303
30041252
30041283
30041278
30040687
30039587
30039511
30038569
30039481
30039403
30036287
30038601
30036222
30035937
30036213
30036112
30036035
30035994
30035895
30035859
30034434
30035855
30035127
30034977
30035515
30035516
30035519
30035391
30035163
30035159
30035062
30034684
30033912
30034530
30034494
30033647
30033893
30034311
30033955
30034013
30033977
30033889
30033423
30033668
30033731
30033165
30032980
30032405
30033011
30032940
30033052
30032721
30032385
30032942
30032904
30032347
30031441
30032335
30032070
30031442
30032322
30032308
30032258
30031712
30032018
30031845
30030451
30031850
30031750
30030301
30031771
30031749
30031775
30031774
30031751
30031790
30031308
30031405
30029502
30027898
30031305
30030882
30031004
30030906
30030437
30030632
30029841
30030548
30030368
30030362
30030367
30030234
30030160
30030233
30029588
30029693
30029736
30029835
30028087
30029049
30029544
30029580
30028251
30028775
30029434
30028555
30029433
30029318
30028601
30028884
30028837
30029068
30028974
30029041
30029059
30028963
30028296
30027501
30028537
30027854
30028401
30028168
30027300
30028276
30026806
30027912
30028033
30027068
30027685
30027788
30027783
30026767
30027595
30027427
30026987
30027236
30025942
30026986
30025850
30026828
30026407
30025923
30026727
30025922
30026627
30026029
30026557
30026457
30026491
30026452
30026277
30026402
30025787
30026008
30025934
30025913
30025797
30025419
30025450
30025294
30025256
30025035
30025178
30025179
30024910
30025174
30025166
30025173
30025139
30025143
30024894
30025112
30024901
30025071
30025009
30024880
30024872
30024918
30024912
30024765
30024757
30024672
30024737
30024726
30024705
30024668
30024721
30024622
30024723
30024462
30024458
30024448
30024521
30024415
30024356
30024319
30023706
30023785
30024210
30023943
30024059
30023941
30023693
30023731
30023102
30023332
30023183
30023182
30023189
30022988
30022979
30022982
30022983
30022981
30022972
30022964
30022974
30022973
30022965
30022952
30022958
30022957
30022955
30022935
30022906
30022903
30022879
30022885
30022883
30022871
30022867
30022800
30022786
30022798
30022792
30022763
30022791
30022772
30022779
30022720
30022759
30022730
30022752
30022747
30022733
30022713
30022721
30022704
30022701
30022694
30022705
30022640
30022653
30022649
30022636
30022639
30022616
30022608
30022620
30022626
30022614
30022623
30022605
30022595
30022594
30022581
30022574
30022578
30022572
30022573
30022565
30022550
30022559
30022557
30022355
30022356
30022520
30022298
30022333
30022320
30022326
30022323
30022322
30022307
30022296
30022299
30022284
30022294
30022267
30022258
30022196
30022203
30022198
30022207
30022206
30022195
30022186
30022179
30022162
30022152
30022149
30022117
30022114
30022119
30022092
30022089
30022082
30022083
30022066
30022058
30022060
30022063
30022061
30021579
30021573
30021565
30021490
30021528
30021510
30021512
30021496
30021398
30021397
30021393
30021382
30021384
30021371
30021366
30021365
30021361
30021364
30021359
30021356
30021319
30021304
30021310
30021305
30021303
30021295
30021297
30021292
30021282
30021284
30021279
30021254
30021275
30021257
30021251
30021242
30021232
30021243
30021214
30021196
30021123
30020984
30020985
30020905
30002197
30002190
30002140
